40 77
00011111101100110000000001010110111110010010001010110011111101100000101001100
00111100010110110010010010001101000001101010111000111011010001011011011001110
01001011110010010001111110011101111101010111100101111001000001111111011110100
10000101100100001110011101111000000110000010110001000011001001110101011010111
10101000011011111111110000101010101010101001011100111110111101111101011011011
00001000110101000111011111110101101010101001100011011000000010110011011110100
01101110111100100101001100100011000110100110110110010001011111111110110010111
11010110010100010101000010000101010101100100101001101010100001101010111000111
01110100011101100001110100100001111000010101000110001110001000101100101100001
10011010001001011010101001010110010100100010101101110010111101101100000011001
01001101011101101110111100001010111101111010000000110001010010011011000100111
00001000100100101011000001001001110101010111000011001011101000110000010001101
01101010011000100000010100111010100100011010100101011111100001111101111011110
11100001001111001001010111101100101101011100001101101100000100111000111110001
11001001101111101010000001000110110001100100110111000100001100001010010001100
00010110011011100001010101011100100011010011111011011100111011111111100011110
00100000000011010000100011111011110101010011001000000100110100010010100111011
11110001010010001001000111101111110100011110010011011100010010010011000001110
01111010001001101011010110010101001010111010111001101100100101001101001011000
11111010101101001001110000000100101110101001111000111110000000101010001100001
00010001011001001010100010111111111111011011111101000100101000101000101101011
01010000011010100100100100111110001000111100101110100111001100110110001011001
11110000101011101111101000100010010101010010100001010000110100000110101011111
10111010011110011111010110110100011010101001001110011010010010101100001111100
00110010101101000011101011100000010111010001000001010000011110101001000111100
11010110110011110010001011111010111111110010010000011011001111100100010011010
01101000011001010011100011000001100110000010110000001000101010100110110100111
11110011010110111001101100101101111000011111110010111101101101001110011111111
00110011001011101000001000000011010001110010010110110110100101010110001110110
11001000010011111100101111110000110010101110000000001111011110011010011011101
01101000011110000100111111111100100011010001000111101011110110010111110110000
10011001100000110101001101100101010000101110010010101101110110000101001101011
10001100110101010101001100010100000100000100101011110000100001001110010110001
10011110101101111111111000110100110101010010100010100000101001100111100110111
11011111110000010101001101100011000100010111001110111111100001001001001010001
00111100011000001000101011001101001011010100110010110100010110100110010010010
10111011100001000011000010101001110111001111010001100110000100100010000100011
01000001011100010000100110000111100011111010011110000001011110011011001011010
00000100110111000000100110111101111000000101101101001011111101100111000000001
00000000000111100011001100011111010000011010011000001000001111111001100110011
