100 54
101001001000100001111100111011010011111000001010110011
000000110011101101011100000010010101001010001001101001
110101010001000110011100000001100000000111010100111010
000110110101011001001101010001101000111111000100001100
111110111011001111100010000111100101011100011110111001
001011100111111111000101011110011011111001000110111100
101110011001100011000101101010011000011100110100010000
001100010111101000011000101000010101110111100000111011
111001100110010100001101001111010110110010101000001010
010000110111011011010000100011000000001110100010001110
001011001011001001011011100100101010000100010111111111
011001000010011011011010010110100001010001011010110100
011010110110100101000001010100100101111011110111111011
100111001010010011011110011001000011000111100000011110
101001011001111111101100101111011001110100010110010111
001001001010001011000010111110001100110001100000100000
011111000111110011110101001001111000001010000101111110
010111000010100100100100000011011011111111110110000111
001010101000100000111111100101100111101010110110100101
000100001001010101110011001001000111110010111101101001
111000111001000011011100000010000011001101000010001100
000110000001110100011011001100010110111100011010110010
101001111000001000101010110100000110100111001010100110
010110000100111001101000111110001110100010101011001001
000001011101101010110001111100100101110011111010011010
100011100001001001001011111010010011000101001000010110
110011100011001010101000010111111011000000001000111111
000011100101000010000001010000110111000000110100011101
011110000111011000100011100101010010111011100101010010
110110111000011100100001011100100011100100110100101111
110010111100000110110010101100111000111010111101100111
000110010101001111100011111111011000111101101010000011
110010100011011000011100001111011010001010110100011001
111011010101111011101101101111010001110101010000000111
110011000101110111011001101000010111101011011000110101
010001110011111101100111011010001101110011000001010001
110001010101000111101101100111111001101111110100110110
110000110100101110010011000101101010010010100011000110
100101010000101100010110010010100010100100111101000011
000110001100011111100110101100100101111110111100000100
110011011100000000001001111111010000000111010111000011
110000100000001110100010000111101100111001110010000011
011101110110001111111101001110011111100001110011110100
100000011101111001110001011111001100011111011001001111
000101010111000110000110000000011110100010001100110100
011100001100011111111000001100111010100101111000100111
111010111001100000011111010111110001001100011011000011
010001010000101000111110101001111100110101000101101111
001100101011100100100000011101011100100101110010010100
011001000100101011000011100001110111001010011111011111
001111110101111111011101101110000110001111110010001110
101111000110101010000000001000000011100001100100000111
100101000001001000010111010101010001110011101000010101
001110010101101100001001111011101000000000101010011011
010111100011011010001111111000011010000111000011010010
101101011111000100100110101010001101100101000111111110
001000010001101101100101111111100011011110100001110111
001111110010000100000000011100011110110110111101000111
101000011101000101101100010110111010010110101110110110
101001111011011011000001011000001001011011001010110110
101001011110101100100101110111110001000001110101000010
111100101100010010111101101011101011100010000100001000
010110010011001110010111101010000100010000111011001111
110001110101000010000101100000000011011011100011110100
011011101011011001111100001000111000100001000011110110
100001110010111100010000010101010010010000000101011101
010011100111001110100000100011010110111110001001001010
010011000101000000000101010000010011000000110100100101
001100011000011011100010111101000110011101000000010101
101101100000011001001001101010101000010111000011100000
001010101111100001011010010100111111001110011011101000
001001101101100011101100111001101010011101110111110001
010110000100000101000110110010110010010100000110100110
000000011001000101010111111111101010111001100010010000
100011011100011001000000011100010111111011000100001111
000000101111111000000101010011000110110001000011110000
010111010010100010111000011010110101111100011001010110
111011100000100010011100000001111101110010110010000000
010001001100000101010011010110001000000110111101001010
000000110101100000000011110110100001001101000110101110
111011111011011101001011000001100101110110110001111111
001010001010000000100111111000100001101110000101101100
110011110001000111011101110100100101000100010101100100
001011110100110101110100000110001011111110111111110011
101000000101100001101000001010001011110101111000011110
001000111000010111001001110111101011011101101101111011
111001110000111011001111010101110100101010001000100000
001100101000111100011111000000010000111110010100111110
001111000011010010000001000010111010001010111011001001
101000001000101100100001011001001010010100100111110010
110010001001100111101000110010000100001100001000110011
111101111001011110101101100110100011010011011100001101
101110111110000001110010110011110101000000101100001001
011110101111010001011000111010101010001101011001111111
110110010010101011000110001011111110001111100001011101
110000000011011001110001001110011010100010110011110110
100001011000001101011100011000111001011101111101101100
010111000100111001100100001111100110101110011111010011
110001110110101100000101001111101001111111000100001101
000010110010110110101100100111011111011000010101011010
