33 88
0101110001010011010110110010100001110010011000001100010000111110011110110011100011000001
1000011100010010100000101101101111110001011110001000000110100100101001010000000001001101
1001000001001101011111110100101010101110001110111000010101101101110100111000001111110101
1100001111001111001000010001001011000000000100110011001110010010110010100011111110111000
1111011111110000000001111111100001011000110100111101101010111000011010011010111110001011
1111001000011110100110000101000000110100100001011001110110000101101111011101000000100000
0011010110011100001111110000001011001101100011001011010111001010001011010010010111011110
0011001010011101110001110101110100110010010011010101010011001101110111100101110111111111
0011000001111010110001111010100110101100001111100101101110110000101110011111001001101010
1101001110011110111100011101110110000000100111000011100011110000000010011111101111000011
0100101011001011001101001100000010010111010010111010010001011100100000111110001010010001
1010101010011101100001001100100101101000110010100010110100011001100100101111100011000111
1111010100110101000000111011100101111101110110110110011000010010000110010010010100010100
0111111010010001010000101101001101100110100000111010101010010001110011001111110011001001
0100101110011010011000101000100000000100000000100011011001110100001001101110101011110001
0100011111011001101101100111000100001011101111000001111100110000101101111000011001100001
1111101010110110010010010111101010101010011010100110110011010001110111010101101111010011
1011011101000110010110100101011000011010010101111010011111110000111101010101100010100100
0110111010101010010100001110100111101010011000110001010111010110010110000100110011011010
1111010110011111011100010100101110011001101111100111110011111100101110110000110101101010
0010111110111001110010000111011101111010000001111110100101011000001111010011010000110000
0100011110111101101110110111000111101100011111000001010000001000000100000111011100000111
0100000011001100011011111101101100100000001000110001000001001000010110100110010110001110
0100100100010111011010001111101011010101001111110100010000010100110101101110001001011000
1000111001010010101001111101000111111000111001101001011100011111000101101110011101011010
1100000101000110001010110111011000101011001000111000001011000000010111011010001101001011
0100010111000100100110111011011111100101010110110011010000000100011111100111010110100110
1110000011111011110111001001000100100110010000011010001000111011001101001000110010111111
1010001111001001101011000001011001001110111100100001011001010000110000101011100011011011
1101100110110110011001101111001100110110110110010110010100101001011010011100001100100110
0110100111100010101100101101010110011011101011110001101110010110010101001011001010101000
0101101000110011000110011100111100110100010010000110111111100100011110000000101111010110
0001010110000100001011010010111011111010100101111111001111111110011010101100011110110111
