120 55
1001110110001101111100111011000001100010001101000110110
1010000000101111010110000010000110010010100010101000111
0101111111111100101010101011100101111000000000110001000
1011110101100000001001000110000101011010111110101001101
1000001111111000110010000001111100010111011010000011011
0000101110000000001110101101101101101101100001011011110
1111010101110110010100111011000101001011101001000100101
1001011110010111111011010110110001011101100110010010111
1011001001110001101000011100111101100000110011001100011
1100001010000110000001011111010000110010010001011111011
0001010101111110110011000101001000110000110111100001011
1001000001101110100111110111000111100110111100001100110
0001011001111100011110000000100101110100001010010100101
0101001111001101100001010000011101000000100111001110011
1010101110111011111010001110111001010100011110111011011
1000001001000011100110011101110111011010110101001111011
0111111101111111011111001000100101101001110101111111011
0101011111000100111010010111111011110010001111101000000
0101001001101001100000100101111101110000011000000111101
1001110101101011000001010000010000100111100110000001010
1011111111000011110100011001101000100010000111101110100
1010111101011111111110011011000011001011100000101111100
1011110000011011001001111010111111011110110010000100011
1001101110011010011100010011110011011000101111000111010
1110011100110011101011001011101010100001011100001000101
1111100001000110010110011000111001110000011110100111110
1110100010011100000111001001011011000011010110001111001
1111111000110111110110101110101111111011011000111111101
0101110101100111101010000110110000111100101010000100010
1111001110111111011100110011001110010101111011100001110
0101111010000100001011100110101110100101011010100000010
1011101111010001101110010001010101000000111010100001110
0011111001010100011011011110001010110110111100011111011
0001001111010100010000000100010001100111100011110110000
1011110100111000100100111011100101000010010110000101100
0101001010100010111110010111110111000010011111101100110
1100111100011011101101100011110111110100010100111001011
0010101110010010011101111111110000100110101010100010110
0001110001101000111111111011011001010111110000000000110
0100110101011100001110111010001100100111101111000010011
0011100100100111001111000111001010110100000110001111010
1111110010110111110101100001101110111001110000011000000
0110010000000100100100010000110100111010010000111010010
0101000000010111011011011101001001111001011101000001001
1111000000001111110011111010100001011100110011011110011
1010101100000010000010011110111011010111111011001101110
0010010011000011100111001000111110000010011110000101101
0110000110111111111011010001000010000100110100111110000
0111100001101110101100001101111110001001101100000001010
1101101011001111101000100101111010110001111110100111100
0111100111100111100110101100000010010100100100101011101
1011111101110011001110001011000100000101000101100101011
1000100101101111001100011010111111111111100010011100010
1000111011010000101010100110101101100100010110001101110
1101010101000100001100111110100011000000001110101100010
1111101111000000011101101000101011110100100111001110010
1110001010011010110110010100001110010011000001100010000
1111100111101100111000110000011000011100010010100000101
1011011111100010111100010000001101001001010010100000000
0100110110010000010011010111111101001010101011100011101
1100001010110110111010011100000111111010111000011110011
1100100001000100101100000000010011001100111001001011001
0100011111110111000111101111111000000000111111110000101
1000110100111101101010111000011010011010111110001011111
1001000011110100110000101000000110100100001011001110110
0001011011110111010000001000000011010110011100001111110
0000010110011011000110010110101110010100010110100100101
1101111000110010100111011100011101011101001100100100110
1010101001100110111011110010111011111111100110000011110
1011000111101010011010110000111110010110111011000010111
0011111001001101010110100111001111011110001110111011000
0000100111000011100011110000000010011111101111000011010
0101011001011001101001100000010010111010010111010010001
0111001000001111100010100100011010101010011101100001001
1001001011010001100101000101101000110011001001011111000
1100011111110101001101010000001110111001011111011101101
1011001100001001000011001001001010001010001111110100100
0101000010110100110110011010000011101010101001000111001
1001111110011001001010010111001101001100010100010000000
0100000000100011011001110100001001101110101011110001010
0011111011001101101100111000100001011101111000001111100
1100001011011110000110011000011111101010110110010010010
1111010101010100110101001101100110100011101110101011011
1101001110110111010001100101101001010110000110100101011
1101001111111000011110101010110001010010001101110101010
1001010000111010011110101001100011000101011101011001011
0000100110011011010111101011001111101110001010010111001
1001101111100111110011111100101110110000110101101010001
0111110111001110010000111011101111010000001111110100101
0110000011110100110100001100000100011110111101101110110
1110001111011000111110000010100000010000001000001110111
0000011101000000110011000110111111011011001000000010001
1000100000100100001011010011001011000111001001001000101
1101101000111110101101010100111111010001000001010011010
1101110001001011000100011100101001010100111110100011111
1000111001101001011100011111000101101110011101011010110
0000101000110001010110111011000101011001000111000001011
0000000101110110100011010010110100010111000100100110111
0110111111001010101101100110100000001000111111001110101
1010011011100000111110111101110010010001001001100100000
1101000100011101100110100100011001011111110100011110010
0110101100000101100100111011110010000101100101000011000
0101011100011011011110110011011011001100110111100110011
0110110110010110010100101001011010011100001100100110011
0100111100010101100101101010110011011101011110001101110
0101100101010010110010101010000101101000110011000110011
1001111001101000100100001101111111001000111100000001011
1101011000010101100001000010110100101110111110101001011
1111100111111111001101010110001111011011111100111000111
1110110111101011011001010111110000110001100100001100001
1111000100010111010011000111010010111100111110001111101
1001111000110100110110001010111101011110101101111000011
1011010111110100000011101011101010101011001011101001101
0011111001010111101100011110100111111100100111011101101
0011000110101010010010010011101000000001110010111111000
1011110110101000100000100110011100000111100111100010110
0111010001110001011100111010110000011011101000010100111
0000110110101001010011111111001110001011100111011101011
0100001000101010010110001001010101000000101110111001101
0111001011110001110001000100000011110010101111010111101
