10 205
1110100010010000111100111101111100101110001001001110001100011010110010110010011000000000011011111101110100000110010101101001101111011110111011110011100000110111110001010101100001111100001011110011110100010
1011101001100000101000100011000001000100010100011111111100101001100110110110111100000001101110111010110100000111001001111110111101011111010110011001011100001011010101111001011100111100011001101101111001010
0100011001000000000101111111000000110100001010110110000001000100100111011111100100111110101000101011011001011010010001000011010111101001110000000000011011100010011011001101001010001111111010111011101010011
1100000110010100010011010101001001110101001101110101100111011111111011001100000101001100101110111000001001001100100000101110011100001001101111100100110101010001011001000100001110101101111100111010111000001
0110101011010100000101111110001000001110100101000010011111110110001010001100000111010010011100101100100100000100111000000000000000101011101001110010010110010110101100110010101110011110001011110110001110000
1101111001101000110011111111001100010101001000011011100100011100111011010000010100001000101101101111001001000101100001000101110011010100101001110010100001100100111001101011101110010001001100000001001101000
1001100101100100001011010000111110000001010001101101011000111010111111110111011111101110000100100111001100100011000011101111001101010011100111100100001100111011110001100100001101011011111000100001010111001
1010100110100100000010111100000111010001111010111111010110100101100111100000101100011000011010011101100100001101101111011100011111100110011011011010000100110001011111000101000010100110101110101101000000011
0011010110011001001010110001000001010101110110010001011100001001011111001011011000011101111100100010001100011110101100111111101010111100100000111011110100000110011011100001001011011110110000001110100010100
0100000100111100101110010001011010111111100011101110110100001110111100010000110000000001001001010011010010101111010101101011010010000010111110001111111101011011110000101010011111101100100011100111001111001
