78 222
011110111010000001000000011010110011100001111110000001011001101100011001011010111001010001011010010010111011110001100101001110111000111010111010011001001001101010101001100110111011110010111011111111100110000011110101100011
110101001101011000011111001011011101100001011100111110010011010101101001110011110111100011101110110000000100111000011100011110000000010011111101111000011010010101100101100110100110000001001011101001011101001000101110010000
011111000101001000110101010100111011000010011001001011010001100101000101101000110011001001011111000110001111111010100110101000000111011100101111101110110110110011000010010000110010010010100010100011111101001000101000010110
100110110011010000011101010101001000111001100111111001100100101001011100110100110001010001000000001000000001000110110011101000010011011101010111100010100011111011001101101100111000100001011101111000001111100110000101101111
000011001100001111110101011011001001001011110101010101001101010011011001101000111011101010110111101001110110111010001100101101001010110000110100101011110100111111100001111010101011000101001000110111010101010010100001110100
111101010011000110001010111010110010110000100110011011010111101011001111101110001010010111001100110111110011111001111110010111011000011010110101000101111101110011100100001110111011110100000011111101001010110000011110100110
100001100000100011110111101101110110111000111101100011111000001010000001000000100000111011100000111010000001100110001101111110110110010000000100011000100000100100001011010011001011000111001001001000101110110100011111010110
101010011111101000100000101001101011011100010010110001000111001010010101001111101000111111000111001101001011100011111000101101110011101011010110000010100011000101011011101100010101100100011100000101100000001011101101000110
100101101000101110001001001101110110111111001010101101100110100000001000111111001110101101001101110000011111011110111001001000100100110010000011010001000111011001101001000110010111111101000111100100110101100000101100100111
011110010000101100101000011000010101110001101101111011001101101100110011011110011001101101101100101100101001010010110100111000011001001100110100111100010101100101101010110011011101011110001101110010110010101001011001010101
000010110100011001100011001110011110011010001001000011011111110010001111000000010111101011000010101100001000010110100101110111110101001011111110011111111100110101011000111101101111110011100011111101101111010110110010101111
100001100011001000011000011111000100010111010011000111010010111100111110001111101100111100011010011011000101011110101111010110111100001110110101111101000000111010111010101010110010111010011010011111001010111101100011110100
111111100100111011101101001100011010101001001001001110100000000111001011111100010111101101010001000001001100111000001111001111000101100111010001110001011100111010110000011011101000010100111000011011010100101001111111100111
000101110011101110101101000010001010100101100010010101010000001011101110011010111001011110001110001000100000011110010101111010111101010111011010111110101100000010010000100111101001110000001100000110001100001010001000010110
001000101101010001010101000101001001000010010100111100001000000110101110011000100101011110001101011001111010001011111110001001100010110100111101111111100001101101000001100110101101110101110001100100000011101111110101110000
101011001010001000011100011101010111101111011010100000110010010111001101000010100010001000100001000001001101001110010011001100111011000011001011100011010001100101110000010000011110111100110110001100110010000000110001111001
011000011101100010011011111010000001100101111011011001101010001111000100101101010010000101101100001010011101000111101100101101110111111101111011000000011110001010110110011000010100011001111101100011010100010010111110011110
001101001010001011110010011100110001111111100111110101101001000010011101011011101010100000000001101011111110101010110001110101000000010101100110110110110100010011011001110011101010000110010101101000100010101110000001011101
000110100111000011111000110110010000111010011101000000101101111001000000010101001101110011010111111001101110111001000000010100111010101000110110101100010010101001000000111001001010100010001010111100011100111000010111011011
111011100100011111110110100001011001011001100111011100010010011010111010111011000100111010111001010000000101100000011000101000110110110001010010100111110001001001111011011001001110011011001100001010011101000000100100001110
100000110000001011100010011100111100001111101011101111000110010001001001110000111001011111101100000010101000011101011001110000111110110010101010010101111110100001100111000010000011110001100001001001101100001001110010011101
110011011001101010010101101110011100110101111110001011000010010110011001110111010101100110100001111111111111111010110101100010110110110111001111010000110001000110110000101111000010011100010011110101000111110010011111110011
011100001001111101001010000101010000100101111001001110010100001000100001110011100000011110010101010011011001000001100010010100010010010000101010010000000100110010101001001101100110110011111000011001110111110010111100111110
001010111111011110100100111110100101101011110110101100111010101001000100101011100010011100111100000101101010001101111100101110111100011111110100011010111111101111011001101010100111100000101101001110001011110101101011010100
001000010101101110010111100010011010101001000100110101111110010001010011000100010001011010111111011101000000110110111111100011101100010100000100101011010110010100110100000000000110000010111011011101111101111000000011110110
001010011110010101000100001001011011100100111010111011110101000000011001110010000010001111101000111011010100100101010010010111110111111000101100011110010101011101011000000011100010110111101101101001111010101100011110101110
100000010000001100100111100110010001101000001011000100101011010011110000010000000101111001110101001110000000100111001011010011111000001111001100101101110011001001100011101100011100110111000001011010100101110011101100101011
110100010110111001111001000111011000101101110000000100011000111100001001000100000011000011010100001100000000110011100011011000000110000000000100111010111000100011100111111001010100100010101101100101100111100010100010000010
010100000000011101100011010100000010110101111110000000100011110100110001011111011010100100010101000000001000010110101000010011011101101111100110100111000100000011001011111001010000011011011000011010100101110101110110000101
001010110001011010100000000011100010001001110000100101001100101010011011101011111110100110101001110111101010111000000101010000110001011011001000001001011011010111100100000110011100100000001110101000101101100000101010110100
000100100000000111101100101000001110101111110111100100110110011000011000101000100111111111110011011000110101010110011001101111011000101110110001111100110101011101100001110011100111001110101010000011000010100000110000010000
101101110101000000001100011011001111111111001111111011011111000111011011111001101111000101101001011111110110010010011001000001000011011111001011011100001101111100000011101101110111111000101111101000110001010100011111001110
101110100000101101001100101111100101011100010111100001110011010100100101100111000111111001010000110110010010001001011001111001110100010100010010110010000110010101010111101100100001110110000001111010101000011001111010101011
101101001110000110000000101110011111000010010110001110110100010011010011110100110001100010100000010101110100001101100111101110110110001011011000111101100101010011001111110100001001001101110110000110100110101001101110011010
100110111101010101010011110100010010100010111101010011100111010100111101110100011011001010010010011101110000000011101010000100101101010000100100111100011001110011011011000110111000001111100111110100000010000010011000110001
111100001100000110101011111110000111001000011100011100110111011011111010110101000111110110010101111101111001111101010000001100100110110010101011011111000001000001000001111000000101001111110001110001101011011111101010111011
110011010101000011011110011010100100010010000010001100010001011100110000110111110100111101011000100010001110111000011110100010001100000110111111110001001101111100111101100100101001010011001000101001001010001011010111101111
001101011111010110101010011101001111100001111010101001110111111111111010101001110001110011100100101000111001100001100011011011110100110000110101100100000100001101011001000000000110001111011110110000000111101100111000110110
100111001110100111111001111000010011111010111100110001000110000101100101110011110101010001100001111001011111111001111000011001110100011010100011101011010010001101101001010111000000101000111100111101011000010110100101110010
111110101011001111011100101000001011100111101011001101110010011101011001000110101100100001011110110001111110001001110100000110000110110011001111101111110011011111010101010110000000101001000111110010111010010011101011110000
011010101100101001100000000111110101110101111100110011010010100011001010110101101111011100001011011101111011001000101011010111000111000011000110100001110101110111111101100001111001000110011110000100001111011100011100000010
001001011101000101001000011011101100101111011001100111110001000110110110000101000010010001111110110100101111101011100010010101000010110011100110000001000110001110110101000110001011111001100111100011110000111001100010110101
010110010100010010010110011101001011000101101111001101011101011010101100111001011010000011111000000000111100111001101010001010110000101011100100110110010000000100010001010000101100010011111100110100010011110110101110000011
011001100110010001000111110010000001011111011101110101011111010001100111110000110111110110011100100001010010001111111100010101110110110011010111001010011110001110001100101001111100011010101011001010110101011000000101110111
110001001011001011110111100110101100000101010101101001000110110001000110001100101101000100001001110100100111010101101110001111001111001110101101000000011110101110011000110100100111011101000110001011001110100111011001011101
001000100110110001101111010010010000010011111101100000000100000100000000101111011010001000010101101001100110010111011011011001001110010111100101001100001000000010101101000010110000100101111100110100101100010110110100110001
111001111100000011000110110001001101110111110011010000001001000110100101100000010011101111010011111101011001001100110011111000001101100110100101011101001000101010000100110001010010111111000000101011101101110010101001110110
001000000000111001011111101001001001010011111100001011110000100000011101010100110101111010011111000000000010101000000010011001011011110001101000010110100100100011100111010011111010001111011011110110000011111111011101011000
111100000010111000010111001100011011011001000000011100100101110100111011111001001111001111110110001110010000010101010010100111111111100111001001011011010010010001010001110010011101010010101110011000110000000100101101010111
101100111001011101101111101110010011101111011101010011011000000100101011101001111111110101111100000100001110100111011101100101101000100011010011101011111000111010111001111001000011101001100011100000101110000101001100010000
111101011001010000101100110101101010100101011001010000011011110000011001111101110111111100111010101011010101100111001001010111001100010110001111111010010011111001100101001010011101011111011000011010011101110100110010100010
111010001100001101011010110100101100110110011010011001110010101000011010101011110001111100110101111001100001011011011001010101000111101100101101001101010100000110101010100110001110000001000110110111010011001101111111001000
101000001000011100001100110011110001011010101100000111010101010010010101101111101101111000101111001100010101001110001000011011001110011110111010111010011001010000110010001100010000011111110111100101101011010001101011111101
000001100110110110100100101000110001011100111110100100111011001011101000101101011001001110110100110110100110000100100001111010111000011101010010010001101010101001100000111110000010101010001100011000101000100000010101000011
011110110110100111000110000000110001101011011010110101000001000011010111000011100000100111110010101010001111110011010000111110110110110001011101101101000101010010101010000101110110010110010100111100111110110110000111000011
110101001111010000111010011111100110100000101111000011101000010001000010000001110100010000101011101010110000010101101011010100101011010011000110110001110001010111111111110000111000110001011011001101000000010010010000000000
110011100001101000000110001100110001011000010001010101001100100001011111101001111111100111111011110101100011110111001011110110000110111101101101001011111100011101001000000100011010101111110010110110110100101011111001010111
010000110000111100000111001100001110101011101001000011110101100010000100111010010101101110101010011111110010010001101000111011100001110011000110101111000110011011100011110101101100110101000011011000100011101101100100001011
100100011100111011101000011110001100111010001000101001000011100110000010111000001000011001111010100111110110110010010011001101110011101110000011110110011110011011111011001010100010101011001100001001001010111101110100111101
001010001001010100100111100110011010001001110111010010000101001100001011100101101001100111100111011010110011000011100001011011111111100111110001110100000010010011000001011101100010010100010000100100010111000000011000010110
010001011110110101001011010100010001101101100010011101100111111000101011011110010111111101101100110100010000011000011010111000110001111100000001100101010100000010110100100110011101011011010011011010111101110010100000011110
101111010111011001001110100100110000011110101001010111111000101000110100001100001011001010000000001111000111111110110010110111001000010010100000111011111010001111010001001010010000100011001100100110010101011100111010101110
111010101010001110100001111001000010101111111011100010010110011110110101110000000000110101000010001010000011000001110110111000011011101100101001111111100101000010010101100101100111100001011001010000000111011001000000111110
101110001001101101110001001110111101001110110010111111101010100001100111101100001111010010000101100011100011011100011101100000100111001100100110100010010100100110000111101101010110110101010100010011000010001010010000100001
111011101101110001000011101100111101010000111101101110111111001010000110111101110101111010000110001011110010111111011011000011010001100111000110001001100100110011000111000110000110000011010010011111010010110011111010010110
010010111111000010000000011101110111110010100111101000011000010111110011111111111000111110110111011001100000110100100110010011001001110101011101100101101011111101001001111001010110100010111100011111111101011111100001010110
110101000110011111100010010111100100011101011001010101000101111100011100100101001111000001110110111011110001101100001101111101101001111000010110111110100001010111111100110001110001101111110100000101111100010110100100011100
010111101010010000010000000000010000010001110000110101100000000000001011001110110101101110010001000101100110110100000011100001110110001000100101100001000110111100000101111011001011100110010011100101110100101010101101111011
011011101100010000011010010001000010101110010011110001110110001111110101101000001110011001000000001111101001001000001111001000111110101000100101000100110010010001110100100100100010001010111100111101010100010111111100110000
010100000110101000111010001111100011011010100110100100100110100000100010111000101010011111111001110101100111101010101011111010010110011010101110000100110011000110110110100111110111011000100001010100100011101100011110010111
110101001001000111101011001100000011011111011011001010101011100101010111011010100001100000100110010100110111111101001001110000001010011011101101100110101000101000100010001010101011100101100100111001110110010001101000100001
000001111011000111011010111010110100011110011000100110011000001000011011011000110011110111001000010000010000101011100111010001110001000001101001101110010011111100101110000110110001110111101001000010000111111101010111010101
101010111100101000011000110010110110111001010011010011101110001010010110100100100101100000101001011000110110011011010101001100011111001011101000110001111001101000001010101011000001010100000000011011010011101010111111001100
011100011110111001110011011000000000101100111111000010001000010000101011110111001100011001101001010011011100111110010000100111101010100010010010101110111101101111001101110101010111010101000011101010111100000000000010010100
001110101000000111101010010001100010001000000000010110110111000010110100110001010001001110110101011101001010110011110010001101110110111100101000111001111011101110001000010011111010001100101010110010010010011100011010111001
001101011011100011010001110011100110110010100110100000110110101010101111100001001000010000100001011000110010011110010111000101000111011100111011100011011110110011110100010110101000001010110111100011010000010101011000000000
111111010101001011001101001000101001011001001001100011000110100111011000010011000001010101000000111110000100010110011101010100100001001000101110111011011101111111001100001011010101011001010100001011111001010100011101100101
111110001011100000011000010101101010110110111001011110100100011000110101011000110110000011010101100000101111011010001110010011100010111110100010000011001001101010110100011111111001010011101001101000111110101000111110000000
