308 111
011010101111001010000110001100101101101110010100110100111011100010100101101001001001011000001010010110001101100
110110101010011000111110010111010001100011110011010000010101010110000010101000000000110110100111010101111110011
000111000111101110011100110110000000001011001111110000100010000100001010111101110011000110011010010100110111001
111100100001001111010101000100100101011101111011011110011011101010101110101010000111010101111000000000000100101
000011101010000001111010100100011000100010000000000101101101110000101101001100010100010011101101010111010010101
100111100100011011101101111001010001110011110111011100010000100111110100011001010101100100100100111000110101110
010011010110111000110100011100111001101100101001101000001101101010101011111000010010000100001000010110001100100
111100101110001010001110111001110111000110111101100111101000101101010000010101101111000110100000101010110000000
001111110101010010110011010010001010010110010010011000110001101001110110000100110000010101010000001111100001000
101100111010101001000010010001011101110110111011111110011000010110101010110010101000010111110010101000111011001
011111100010111000000110000101011010101101101110010111101001000110001101010110001101100000110101011000001011110
110100011100100111000101111101000100000110010011010101101000111111110010100111010011010001111101010001111100000
001110111001100110000000111001110011000010110100101110110111010110010001100100101000000001011101000011100011010
100110000110111100001100100000000111011100000010010011101100101101010110000001001110101100000000101101100110110
100100001101010001001100110011001011010010110101111001001000010111110000011111101100101101110001001111010010111
101000001101111100111110101001110111010011101101110111100000101001111111010100101000111010010010001101111111011
100000111111001111100111101000101010001010010101110000111100100100101010001111001010000101001000111010101000111
100010010100000010100000111101110001100010110001010001001010001100100111111111011111100001111011111010110000001
101101000101111111111100101001011010000101110001110100011101001011101111000000101011101110101001100011010011001
110010100001000011010100100001110011100101111101011010001100111111001001010100011011000011110011100101001111001
000011110110111000110010010001101111100111001010111100000010010111010111100000010101100111000100010010111011010
110100001111111101011111100100101101001111011111011011010001111101001101010100100011010111000101010001010101011
100100000000000010110001010100111111100011100001110011110011010010000010100010001110111011001100110010011111101
000000111101101001011100000010111101110111101011100000011101101110010001000101111000000100110011111111101010010
000011011011101010011000000100111110101100111100001110100100110110110111001011111001010100011100010010111010010
010011000110110100001101101110000001100010000010101000011010000110111110000000100001011011110100110111100011000
100001111110011111010011101111001101100010101001010000101011110010000000000111101010101010101011010001100000100
001000001010010010011110111001010111000100000001010010101010110011100100111111101001100100001011100100010000110
110101100110111001110010110010010011011101000000000010011010000010100110101110101011110111101010101001101101011
001010101111001010100011100010001011100010011110001011011110000111101010111001110001110111010011010011110011001
011101101001010101101010011010110111010100100011010000100100111111001101011001010001001000100001111010100001000
010111111100111010110110010011101100011110111011011010100111110110110001010101000111100110100010111001111101110
010100101011001110111111010110001010110111001010110101000000111100000100001000010001111011000011011010100001001
101001010001111001001001111101100011100000111000110110010000010101111110111001001110011011001000111011110011110
101101110011111010011001000111101010101000110111001011000001001000110001000000000111000011101111111110010111101
110000010000101010110011011111101100101110110101100010000001110101101110110111000010000001011100001101100100011
101101101100111110001100001011101100101001010011010101101010001010001100100110110101100101101001110000010101001
011011000111111101101000101011000011100000111111101010111001111011101110100110110101011101000000000000100100000
010111011010111010111010010100101011111001010110110110110000011101110000110100010110001100110010011101001100000
111101010001000001011101110110101010110101111010111100101111100101010000001000101100001100000101001001011100101
010110110001100101101101010011110000011110011010100101111000101000111111010001011101111101011111000010101101110
000110010100100110000110111010000010100000000110110111110010011000001101110110010110010111100110101100011100111
110011001111101001111110111010101011001001011000000011001010010001100100110100100001111000000011010000100100101
100011000000001100110011010001011111011111110010111000110110100100100101101010100111000100100110111101100000011
010000001111001101010001111111110000100001100101100100010100101111000011110110000000000110111001011101110000101
000010011010000010011110110011001111100101011001001101010111101000110110101001000100111101011001010001110011001
010101010110011101011111011111011010100001111011110110001101001110011000010100100000000001110010110010101011010
111010111110101100110000110010000010000000111110101011001001110011101110100011000100000001111011011011010111011
000011100111110111010100110010110100101011001101001011101001011001101101101010001000111101111001111010101100010
001100001011100110011110110111011110111001011111010001110111101100111100001110000010110000111111010000110010011
010010111111011001000111111011001000010000111111010010010110100000010011000111111110111111111110000111001100111
000001011111001011001111101111100000001100110011000001010110000101110001100100100110010000001000010100010011011
100101001110101011100111111110100001101110010100101111101110010011010101001010001000110011001110111111100110001
010110101011101110001111101011110111011010110100111010011001101100010101110001000010101000111110111000111010111
111000011101011001001001100000110101101110000100011000001111111100101011110111010111110011111000000101011111010
001101001111100000001111011100110111001001001100001111011011010110111100011011111110000001101011111011001000001
111010100101000011001100100101100011010101111011100000001101000011011111111101111001100010000110100001011110000
010101111010101110110101011101011100010100001011100101000101111110001110111001111011101011000110001001010110011
111001001000101010100001011010000110100011110111100111100001101110010111100111110100110101100010011011100110111
001100011100110011100101100111011000011100011100110010000011110010101111100110001100110010110100001000011000011
111111111000100000001001100110111110010111110000110000010001010110000100110011011000101010100100111101110000011
000101110011101101000010100101010111001111111100101110100001101001010101010000000111010001100111100100110110000
111110000011100010011011011010100001101001011100011111101011010011011101110100100100101000000100001001011001101
000011100111110101101101011100111100100010100111001000001011111001000001110101111101110000011100101010110011010
111111111110011110111110110110001101111110100001011010100110101011100101111111110001100100111111110001110001101
111010101011001111010001100101011100000010001110001010110110101101011101001000011011100110010010000100110011110
010000111100100100000110110100111010000100110010101011100001001011111001101110100001111100111110000011010110100
000000001111010111100101110110100101101111101110111010100100100000000011111110000011000111111111111100111011101
010111001010110010010111110100001101101101011100101100001101110111100110010000000100001001110001011100000110100
001100101001110101100110110000000101101100000010110110101110111101101110010111100000110111111111011010011100001
010001001111101010000010010011001101011011111010000010010110011001111101110100100100100000001011101000111110010
110111100001001101001011111011100011111110001010001110000101001011001100110111001011001101001011000010101000100
010100001100111110100110001101101110001101010110010011110000010100100010010101111010110011000111000010111000110
111111101100101000011100100011000010000100001111100110001001011100111000011001011100010110000000100101101111110
001110110000000100110010100101001010000000001101101100100101100000111101111010011100000110000010101011001010000
110110000011100000000111010111011011101010011111010101011111110000000001001010100001110000110001110000110111001
110000011011111100000000000011110111001111101111110100100001001111001011011010010111001000010110110100100101010
011100010100001011110010001100110111000001010110011101110110000010000000110111111110100001111100000011110010011
000110110001111111011101010110100100100110110100001001111010101110000110101010101110010000110000101011001001100
100011100111110111110111001000110111100010000010101000011010100010111110010011110011000011111001010000101110001
111000110001101101111000100111111100100001010111000101001111110110010100111111011110100110100101101011111001101
001000000010000110010010111110000001011100101011111110101100000001010010110001110110011111100010010100110010011
001001011111001110010010010101110001100111110010011100100010010001110011111100000011101100100110010010101101001
001001100001100110000101010000011001010000100101010101000111100000011011111001110001110011001110110010001001010
010111101101011100100100011000000011000010011000101000111000100101110111100001111101001000011111000010110001001
100000000110111010010001011010000101100010001011000110001010011011100000100011000010010111100010101010010011110
110111100010001110011010111100110010001010001110100011101111111110101100101111000110101111000111111010001111101
110111001110000000111111011010100100000001101001111110101110001100111101110101100101010000100101110101111101000
110011111111101011000111100001001101111000001110011100000101110100000011101101000011011111011100110001000010000
010101101010000011001000100110000101111101001101000010110001010101011011011100100000100000111011000101100000110
100100010101001101011110111000101110100010111001000010001101111101101100000001000101010000101001000110111110111
010000001010100110010001101011101100011110110111010100111100000011100001010011010110111100100101100010001100000
110101011011111110001011100011110011011010100100101110101111011100110110100101001001001100010001110111111001000
101111000010010000100010001000010110011010001101001010111001011111010010010110101101101110010100010011001100011
010011100100100010001001010000111111000011011011101110111010001100001110110010110101010001110111110010010001100
100111110100101110001000101011000001001000101110111110100001011001000110100001101010101011110011110110111011011
001000110010100110011111101011000011001011011110011101011100000110010100100011001110000101011010000010101101110
111010110000111010000101100111111000100010101010101100100000111010100011010100011101011001111001001100101011001
111010110000010100111000110100111111000010000001001101010001111110010010111111000111111011011101010010010111000
011100101111100111011111010110101101101100010001011011110110111000100010110110000111001110101110000110000101111
000101001100110111010101100111110110100011010111111011010101001111010111101111101111110100101110101110001011101
110001100110110100111110111001010101010011001000111010001001110111011101011100111101010010010110110001000100011
010010111011001101101111111100011000010011011110010000110111100000000001110101101100111001101010101000101110111
010000001001100010110110011101001010111110000101000001100111110100001010001011000101001111000100101000000100011
111011100110001110110111100011100110000000000100100101111111101111010101100101101111101011000000100100001011010
010011100000111000011101011000010100010010100100100011101110000110111110011000100000100011110011101001100000000
001011100111011010000111010011010111111100110010111111110010110001101101001111010111101100101001011100011101101
010000101011100011010000110010011011111011100000010110010100011001111101111011101111000110110100011001000011001
101011000101110000100010001101001110001011110011101100111111001110110000100000011010100100011111011110100100011
111001000001100100011000100101001101100011100100110010111011000111101101110100000010111011110110100110010011000
110001001110110101100011001011000111110111010000111010010010010101101101001111110000001101000000110100100110100
110001100111110111110010001001010001110000011100011110010100000011100100111001110011111111001101001011000010001
010110110101110001101010010010011010111010101011101110011010011000000101011000101101101101000100110100011101100
100000000100110010110001010101110100000010111011101101110110000101111011101100101001110100011010001100010101110
100011000101110001011001110111110111011101111010000000100101100010101000001111111000000001101011010000001111110
010001000101010101111100111010010000111000110110110111011000111111001111000000110010110001001110101000101100000
100000010100011001001000101110010101001001100100000110001111001101101111000000110011110100010010111110100110010
011000100000011000010001111000000000001010010111000101110100010111100110010001101111111011011111000011101100110
110010011101000111010111101110000000101100001111000010011110101111111100101000100101110111111011011001111001100
010011100100000110001001111100111011100101110010010101111111010000101001111101111001101101011101010111000101000
000000001101010101010001101000011111111100111011101000010100111111101101110011110101001010000010101100100111110
000000111001101111110000011101000100101111100100111101000111111111000101001001001001001001111010010000100001010
100010011010110001001110101101000101101110110100110100001101000000100101001001110100010011001101101000010011011
000111001011110001100001001111100110011001110000111101011110011111101000001011110011011011101000001001110101010
000001001100111010110111001111001000011110100011011111001000101100000100011100001100100001111001100111101001100
000111000011111110110100010111101011010110101010110000110010011110101111100010111111011000110001100010101000100
010000010111000100011010101110000100010010001111101101111000110011000100010001001010010101100001001000000010000
000100000110111011010010110001010000000100101010000011101100010110100000010000110111000001011111110101101100101
100111110110100000100011111001111110000100110001010010100111110101111101111011000011001111110101010000000011110
000101110011001011101110111100001000101101010000101000000000011001001111001101000111110100000110100001111100100
110110000101000000100001001101111011100011001000110010110001110110000110010011101000011100010100011000110011000
101001101000101010111101000111101110100000011110111001101001100111000110001111100001011000001000101110110001111
100011011010010011110010100111000011000000001110010000010010100010100000001001001110000000101010001010011000010
101111001001111000011010101111011101000011000100000010001100110011000110101000010001111000110100001011110111101
000110010100010110101001010111111010100010000101110010001101110101010111111000101011110001110000011010101110010
010000111010100100100001110000010011101100001010111011111110111011100110000111000010011110100001011000111011011
000100011010111101101001111010011101011010101110100000110100000100011110110000001001100100110000111001000100100
111000010000010111010110001101001101010001101101100010000000001111011001010101011101001111000111001011100000000
010010011010100000111111111100110110010101000111100010001011100110110000100001111011001100011011011000110000111
000110101001011111001110000101000000110100100000101001111001000100011000111110011111110011011111110110110111011
110010110001011011110001011011010111111101000100100100010110110000110100010111110110000011111111000000110000010
101111010001100110010000110001010100111111011111011000010001001010000001001100100011101101100111100011000110111
000001111101100001111010010100111100100000000010010111011110111101100101100000111110000111100100010100111100100
000011101100100111111101010010010100110000010111011010000101001110000001011000011100001100001100001100101001111
110110101101101101010001001000000100011001100011101001110111110101110100110101000111011010010000110011100101000
000000000011101100011101011100010010111101010101100101001001101110100111001000100101010101110111100110000010111
001111111100010100111010000010000111111100010010111010100001011011000110001101000111010110010100100110101111000
110110011111001110111100000110000100110001110011111001111000111011010111110100100100000011101000011101111110010
110110101101011111111101100100110111110110010100000001011010101010001110001000111101010010010001011000111110000
001010001111000011000011011110111011010011111111101100110011000110110100110101110000000100011100001000000011111
111100000000111101001110010110000100101010001111001011001010000011101000000110111100001011001111010111111001011
011110100110001001111010010000100010111111011111110010100110001111000000111111010011001001110011010010100011010
111010010110110100010000111001101011000100011100010100010110011011011001010101011001100100010000110100010000000
001100111110000101001110000101011001010011110000011010010001001111010001100000110110010101001011000110000100001
110001000100111111101100011110001110000111111110110000001000011110010110101001101001100101100111111011010001011
010001011011101000110111110000011101011011100101010101100010011110110011011010010111001101011101001011100110011
011010000011100111000000010101100101011111100010001101000001000100100100110011110110111100110110110101110101110
000001011011101011110100101100100110010111110001010101011011100011001100000011001101101011010001100101100111010
111011111111011111111011100100110001011110110010001010100001110101110000010011001001001100011101111010001000011
111000001100111101001000011110011001111000000101010010011011011010000101010101011001010110010011001011100010001
010100100001011000100100010111001101001011010100111100101101010000101100000001111000010101010011101011011100100
010101010110101111000101100001010110011100111010100010100110100111101100110010010100001010011000001000111010110
100011001100100000110000011000000110100010011110010100101011101000001000110001101111000100010000101111110000001
011010100111110000101100101111001111101110000100001001000100100011100001001110000011111010111111011111101111100
010001111100010111111001100111001000000100100110111111101110011101111101101111010010110011010011100011011011011
101000100101110000010100101010110000001011101111101011001010010001110110100111011100011010110101011000001011100
000011100011001011010001110000011101001000110001010010100111110101110011101010010001001110101001101110001111101
001111111010001001011100101101001011101000111011011001000100100000011010101001001100101111111011100000011000101
001011001000111110000010000100011011011101101100110111110010111011100010011001011011100110100000001011100001101
100101001111101001101100010000110111101001101011110011110101000111001001000010011001001001100110010000110011001
001001001101001101011010110100101100011110011011001100101100001110101001101001010100110010001010000111001000110
100110101011010011010101011110100101110011001110011000110000110010111011011110010000000110111000011111110100001
010011110101001111011110100101101000100000101011010000000110000000001100101010011100001001000000110001110000001
001000010100100110101000001111001110011011110011110000011101110100010110011100010110100001100000111000001001100
001110010110010011101010000101000010100100001111000100101000001011111100010100010101010100110100010110010110000
011010100001001110000101100000001101100010001001011001110010101011011011011000101111111100011010000001110100001
001010111011111011001100011111000011000011101001100010111000111010001100010100111110010001011110101100011110010
010101101011000000001100011101000110001000101001011110111010101101001110110101010111111010001000110010100011010
000111000111011101111110000110101000010100001010100010010100000101001111110110111101100001011000111111001111100
111001111010111011110100111011101001010111010101011101011011011110110101100001111011111100101000110011101101010
000111001010011000010111010000000111011001110100101100001000000001111001001011111001100101001000101000111001101
111110001000000101000111101010011010111011110001110001010100001000010010101111100110110100011001011110101110111
011101111011111011001011000110110011001100010011110011010001110010111001101000111110111110000100001100100111001
100110111111100111000011010011110001001110110010000010111111001101000010010011001010111000011101101001010110111
101001001111010110001011100001001101001000100000001000010011111110000111010100100110011110101110011000001001110
010101110110100000110000111001011010111010000110110001100111000000001100000101001011011110110001010010001010101
111111111001010000000101010100111000101011111110101001100100100100101110110010011000110001010111100110101001011
101110101000111111010001011100101100011110000011100100110111100010110001011111101001000011011111110101011001000
110010100000011001000100011011111110101100010101011100100101001110110101011011111100011011010101110111010100001
110001100011110100010010000010001101110000000100101111010011010011001100010001110110110010100010100010011101100
010100011010111111101001111110011101011100100100111010110101100000111011011000010010011011000110010011001111010
110001011111101101111000101111100111111010001110110001100001111000001010001000011100110111011011000111100011010
000001001111110101011110001010011000111100000100110101010110101000000101111001100011110111110000111001111011011
001001111011000110110001000110010011001010110101001000110001100101000000111010011110110100110011000100010101001
100101111000000000000000010100101001110100100100100011000010111100111011100100111101000011110110001110110000101
011100000110110000000110010001111011000001011010111101010111101101000011011000110101111011101111000110001111110
000110101010110010011011111001110110101110110110111101010110111111101100110101011011001001100100110000011110011
000100000110100001100000111010100000010000101101100000101101001010000100101001100010101011011101101010001110110
001100001111101001010111001000001101000100001110000000101110010100000001000010011001010101100001111101001011000
111010000101001010010101111011110101001000110100001110110010101011011101100101000000110111010110011101110111010
010100000010001011111100100100000001110001001110101111101101010010100110101100101111111111100111110100010010001
000001000011111110000100111010110000110101011101111011010010001101100010100010000101011111110011000110111110111
000001011100010010101101101010110110100000100000011101001110000110101010001010011111110001110100100001001001011
000010101001110000101000101111110111111001101100001100110111001011111010011101101010010110000111110111111101000
011000101011000111111101100011010010110000011111000011001101001000110011011001110001001110001100100011111010010
101101000110001001101010000101110100100011000011011100010011101001000111111101110011100001111011011101111110011
110010101111001111111100110001110010011111100111111111101100010100011101110001100000011010101101110101001001101
001100001110101110111110110101111111110001001110010101111110100101000000111111101110000101100111010000010010101
101110101011111111011110100101011110110010001001000001100101100011101111110011010000011010111110010010011110010
101101000101000100111101011010100111010010101111111110001110111011000111101101011001101010110010001010000000101
100101011000100001010100011111101010111100111010010011011111011010010010100001101111100110001101111111000101011
101001001111101010100101111101101111111100001001101011111000101000000100001101100100110011110011101011101100000
000000110010011100101010100110011001000010011101000100111000001100101010001001111000110001100011000101010111110
011110101111100111110111101001000101011111111001110010011000000000011000000010010000011100010010000011001000011
101001011010000000100110110110011011111011110010000011010010001111001000001111110001001000100000011101000001011
100111010101110000011000101000101111101001011001101000001101010001110100001111000110010101101101001100011100000
011010111100100110110111011010011000011000101110101110110100110111100110101010100001001101111000100111111000010
101011110011000010101010001001011000111100111111101000110000011110110100111000100101110110010110000101100111001
110101111110101000101111001001100001000100100111010010011100001001101010110011000000101111011011001000100111100
101100101011001000110010101100100001010101010110000101110110101110100001010110001100010101100001000101110010011
010110110110001000111111110001010111101101001010111101101100001110011000110010010011100100011111000001100000101
111110111110110011100111000001111001111100101010000000111100011011110001110001100100010010000010100101011100000
100110101000001000011000001010111111001101100100110101010010000011111011111011111000011111101011000000111000111
001010010000001010100010000110010101011110010000110010101101110110111110111001110111010001100111100100000101100
001010011101110111000100011110000101110111001111100100000000111011001000001100001001101101011010110011011101011
011010111010010100001000011001010000010100101010110001011000001111000010101011000100000000000010101011000111000
110001101101011100011001111001110010010000101100111100101001101111101111001010011011111111100111000010000100111
111100001001100011100100101100011000101100000011000011110110000010100001100111011100111101001101000110000101010
111001111000011010000000011000011110011000101110010101110001010010110111001001011010100011111101011100001100001
010011110100101101000110100000101010011000010001101011111010001100001010011001000110110001010011011100101001101
111010000100111000000111011000101111100111100100110011000001000000110010000010101010100111111101011011100000110
100010110110001010000111110010101001101011001111111100000101000101000001100110010110101110011010100101001000010
001111010010001000010011011101010010100011100011110011100101111000101000100000001001111000011011100110000111101
111000010001110001111110111011010001011101011011110010001001101000010011001100000111011100100100111101011110110
111000000100101101000001010001110110101011110100110001100111111011100111000100101011100111010000011001100001110
000111100011001110100101010100110101110110110100110001011010011101001000011001010001010010101001100011010010111
110000011111111100001100011001010111010100111101010001101100100110111111101110111010111101001110110000001100101
110110000100101000111110010011001100110111011100000110111111010000010001000101010000010111001100000111100100000
100110001101111010110111000000001110101000100100110010100011010110000111000111001101011000001110010101010011010
100101010011111101000100000111011010011010000100001100101001111101010101001011011100100111011100111001101001011
101111011000101101100010101001000111000011000011000101001011111110000101000110011100101101100010001011100111010
011000101100010011010001011011101100100111001000010110110111110110000001001111111101111101111111101000010010111
011110101001011001100110100010010010011011000110100001101011001111011111110101001011110100111101101000001100101
101001110100100101100111000011000001111110011100100111011001000100000110010111111011011100101101001111110110001
000010110000001010011011001100110000011111001001100101101010001011011101010111101100111010110100000011111101010
001001000110101011000100111011111111100011010000001011011011010110000001111010000111101111110001010101100101000
010110000011111111110101011111110110011010010000111001011110100101101101110001100010110000010111000010010000100
111110000000010001010011100001111110100011110100011001110010010011011111110001101101000101100010000011011000011
000000100111000110111110101010110101100000000001100011011010010010110110111010111000110110001010110101000110011
100111111101101001010100001001100011010001001000001000110110001000010001010110010011111101101010001011000000000
101000001111101111000101100010001001101001011101110010110001010000011100010100011000011011110001011001110001111
101000111101011001110111100001010011010111101001100101001010101101010011010111110010000111110011000001000100000
001100010101010010101001100011011010100011001110100111000000010110110000011001101011010110001010000010011110010
110001000101100110101110100010111001111001010010100101101001100100110010110011000110101011110010101010000111000
001100101000011001111010010010011010101011100001001101001011001010101111100101010101100111000111111011100100100
010110011001000000011011101011111011110001111001100110000111010010101001111100010101010110110101001000001001000
011101000011001110101011000111011110010011000110000100010100010110011010111100110111001110111110000000100001101
001010010111001010000001011111001100100100101101101011100111010001100000101101100010011010001011101001010011011
000100101100100101100111101101111000010100011110001010110110111001010101011001111100000111110101010111001110011
101011101111110101011110010000100100101100011100111111100111001010010010100101011111011110010100011110001111101
100000110101010111000000110010111100000100100100111010001001001011101010110101010111101000100110100110101100001
100000100100111100011110000101011000010111100010110000001100101111101000011110001011110111011110111111000101110
111101010001010100111110101001010010101101010010110011100100111000111010100000000000111100011100111010010011001
011111110110110111111111100110001111001011111100111001100111010011110111010101011001101111010000001011000000001
100000010000101001110000100011010000100111100100001001001011010000001110001011011111101110010101000000110100100
100101101010000011010100010111100111100001111100011001111000101010001011011110000101001110111101100010110101001
000101010110000000110110111001011100010001111000110011100101000011100110010001110000101001001100101011110010011
101110001001001101111010001101110001100010001011110000111001100010111011101011011110001100111110100011111011110
011000010101100000100100110110110011001000110001000111110000100110000110010000010011010101110101010011001111011
011010100001000101100001011010111011010101101100001100110010111011000100010110111101011001111010001101001011001
100001100010010100110011110001111010010000000001100000111000101111110110110011111010001001110110101110111101101
110100011111110011110100110111010000100101011010010101110111001001001110110001001100000011101010010000110100000
001001001100101110111110011110010100011100111000001111111001101010101111110100101101100110001010010010110010010
100001000110101111110000101000010100010011011000101101100111110000101011010100000011101011100101111001111010011
010111111111000011100000000100110100100011011110110101111100010000010111000010111011010110111101110011001101100
110101010001100010101000100010101010111000101111000011011110101000000010001110110100110000100101000111111111100
101011110111010111110011111000100100011110010001001101011000000001101011110110101001101001100001111010011010111
111100010011011111100000101000111011001001000111011000100001011000100110100000001010101111001100001001111000010
110111101001110001110010001110001001111101100011001101100101110110101101100111100001001010100100101010101110110
011110111010110111101111000010001001000111011110001001100001010111100001001000100000011010111100100001000101000
010111100111010000110100000010010011110010111001100011100111011001101100110011100011100111100111110010110110000
010110100110000010110100110110100000011110111111110001000100000110101100001011110011110100000110000000000011100
000100100010011001111100101101100110110011011000101010001001101001010000001011011000011010100101110100001110000
000001010000001111010100100101011100110000001110110100001101110001010011010101011101000001110001101101011000011
111000100100010000111001001111001000001001011000011110100100000101111010100000001100111000111001000000101111101
000001110100101101110001110100001010110111110111111111110111110111000111100101001111111111111010011000100101001
000110111011101001100100101111110001111000100111011101101001111011100100001111101000010011010001100110110001101
000101101010101001000010010010001001110111110010110111011110101000110110000111000100111000000101001011111000110
011011111111000001011011011111000011011100000101011101101011101100110110111000101101101101110111010100001100001
010101110100000001100111110101111100101011100010111000001110010010101100101101101100101111101110100011101010110
000000011000101001100001010101010000010110100110010101000111101100110011100100100101100000100010011101111010101
101110001001110000110100000101011011011100001010011001111110010000010010011010101010001101010100010010101111001
111101100110101100100000001011011000111111010110010001001001100101011101011101110111010101010001101001101100011
000100110111001011101111011111000010011100010010100010100101110000110011101100110011111011110010010011100110000
100011011110111110111101010001100010111000111011111001011001000110110000001101000111100100111000100001011011110
111100000001010100010101001010100001101011110011100110100100100011010110010110001000111010110100101101101101001
111101011010011100100110010010101011001110000011010001011100111000011001011111010101010011111010101111111110010
010110001010100000011001110001110000100011000110010011111111101001100000011110111011110111101010000100011001110
011001011010110010001100000110111101100001010101110110110101000100001001000011001000101010100010101011110001010
100001111111111110110101111000101011111100001010110111001110111011111111110100100100011110100101100111010111011
000100101010001011010100110000110111001000100100001101011100011000010001000111011110110000010111001101010100110
110110110001110010100011011001010010001110010111000110001100100110101100101111100100101010101000001111011011110
111101111010011100110110000110100011101011100010001100010001110010000100110000101110100101011111010100100001110
010111110101010011111111100000010101011010011001011011101011010011011011001110011100101100010011110110011111010
101011111100000111101110100110001010101101111011011101000100010010001000000011001111010010101010011010101111010
000011010101110001001101000000111010001111110011110101001010100100100011010000101101110011100101010011100100111
110010101001111101000010010111000110110001110100000101110111110011011001010100101110000000011010110001011001011
100000101011100000111111100010001100110011111110001100011001111010010110100010010001010011011100110110101111111
