95
324981930 0
908277231 3
542767603 0
959393701 4
820417563 1
704239404 1
444533783 0
302770844 0
183497856 0
207945710 1
628853988 0
894829453 0
440951665 1
761000387 1
56343607 0
288111623 0
215581370 0
609047520 0
659156799 5
24342353 0
733265079 1
22126280 0
581070954 2
475102278 1
249804561 0
326699478 0
739659781 0
376949224 0
635822836 0
50548725 0
965044131 3
708627478 0
993057598 3
472127935 1
533607615 0
514181580 0
775872729 1
405927665 0
934413597 4
904994421 1
374989097 0
109010161 0
364777458 0
412838371 0
935310658 6
353303105 1
914519463 2
537874621 0
918934289 4
862585243 0
704166977 0
669241793 2
602965853 1
549616617 0
278619986 1
223890830 0
267852082 0
425136283 0
380142372 0
364807079 0
314701638 0
472709164 0
454318193 0
813516636 0
947167938 3
692258560 0
207347065 0
909782164 4
556337533 1
575526090 2
578210954 1
802091089 1
941784048 1
356298727 1
218090434 1
409168849 0
812688684 3
998194811 7
638542805 0
836821984 4
362966691 0
866484399 1
48147142 0
727732189 1
254785544 0
429011691 1
973671074 3
46541644 0
660181319 0
728583931 1
513578543 1
495229754 2
266431831 0
816957266 4
568247863 0
