91
192190070 0
687349949 3
685353517 1
910392162 2
955809735 6
449323215 0
830856032 2
63980564 0
131998124 1
258266369 0
872257625 2
183236388 0
647273615 2
861222229 2
798268041 0
936646649 8
411490863 1
973735297 3
486197426 0
913398664 1
276653717 0
143687953 0
551266725 2
214452748 0
494084006 2
68468836 0
136853072 0
703009219 4
545259396 0
377152435 0
146185483 0
534242538 2
218593144 0
342287714 0
229666051 1
439953313 0
678455513 0
297645811 0
813012203 1
969965790 3
975864954 3
518165047 0
539036149 1
978840507 5
17151837 0
880319400 3
922712294 1
240261029 1
802987565 1
600235799 1
345000008 0
735058619 2
679488733 3
467744461 0
16954344 0
2007268 0
313088451 0
142198292 0
930491543 3
371269947 0
685852048 0
10029851 0
808180747 3
375867799 0
287281266 0
273886501 0
566593457 0
822618849 1
688667042 1
350711842 0
756308588 1
188886139 0
440910628 0
891627403 0
638747451 1
706843062 2
356446538 0
156712150 0
394466359 3
510527817 1
608548405 2
231256250 0
224997808 0
679581259 2
866734186 2
530572985 2
335450529 3
864470830 1
817440401 2
80528948 0
550824861 0
