96
891879023 0
565125224 0
41548100 0
614772971 0
667554960 2
779884446 0
398884827 1
650234104 2
40946461 0
293587181 1
556121862 1
635311708 1
342766070 0
446871289 0
832630184 0
760082459 2
827234453 1
239622157 0
176372711 0
404009359 1
297451868 0
734511964 0
393711873 0
840310515 3
953598852 3
480038062 0
564266041 2
919422070 5
301791884 1
682449231 1
766323505 1
881651189 8
288321680 0
559425018 0
86883934 0
908983545 2
751690905 1
723090233 0
643862894 1
549620615 1
851068106 1
563619682 0
841479150 2
673264047 1
663923097 0
492039565 0
595948436 0
909984866 2
930525951 3
905735390 5
994722338 5
469965065 2
47851069 0
594330682 1
314088397 0
207526282 0
440243865 0
652422927 1
553864180 1
851931814 2
234830375 0
538003342 1
288255358 0
998236002 3
982018228 5
978636445 3
593516761 0
602622337 1
336653022 0
5019159 0
305671273 0
912126171 4
657926056 3
763813878 0
435036314 0
93852744 0
310290068 0
534738755 1
356675406 0
897039305 0
996586832 3
887816036 1
831047689 0
712615102 1
709094345 1
240115115 1
351932020 0
629269909 0
431582160 1
511589374 0
255735859 0
409176895 0
802414577 1
209518019 0
835903095 3
422647080 0
