93
464502338 0
310669108 3
963076617 3
951735166 1
875241647 4
181258014 0
382919236 0
153778215 0
365200823 1
949181684 3
826681442 0
597033378 0
718588044 1
720722922 1
937212822 1
686306968 2
93020936 0
234880184 0
729341392 1
272233317 0
999917190 5
599882153 1
376162393 0
728724507 1
540825066 3
522752381 0
136511115 1
988800184 2
762604544 1
78178980 0
540118284 0
46544562 0
435194593 0
785354460 1
327191953 0
53596956 0
728628686 0
280918872 0
530225967 0
176728603 0
663831354 1
312708052 1
868452746 2
154715191 0
850863297 4
194803 0
854861045 3
816386058 0
897792317 1
217617646 1
577544583 1
666033563 0
755975502 0
999388268 4
103509757 0
611325936 1
667487138 0
936976560 1
535509444 0
451233316 2
637729070 0
277623690 0
417613238 1
767246015 1
916097200 3
902560432 1
87358465 2
852608508 3
840200372 1
644676475 1
662654015 3
217427868 0
845905259 1
243533584 1
232810220 1
143494919 0
650906019 0
75371679 0
890882489 1
706426817 1
672652391 0
272088707 0
645318279 0
84457740 1
843344163 2
487805353 0
837861669 3
718269827 2
965521004 3
169557029 0
232091330 0
572107719 0
598553121 2
