96
931239042 1
227839472 0
886263176 2
689710647 3
274664826 0
596678625 1
407825200 1
354757188 1
691103183 0
401021788 0
484724207 3
75062853 0
379514285 1
531832811 2
674954579 1
978871302 5
600146119 1
584241333 0
348091341 0
100158750 0
994840525 6
890371396 3
740915981 1
603668668 2
384682937 0
80282041 0
798836040 1
293838291 1
789519651 0
656185002 1
453198384 0
305500644 1
586016819 0
522574643 1
919864885 3
347325739 0
24057469 0
941324156 2
380240983 0
123030594 0
818534439 3
168321733 0
56976539 0
867392606 0
685443017 3
784359533 0
687456556 1
155704229 0
458672416 1
307404706 1
781027921 1
174882708 1
843560197 1
175275611 0
282253322 0
141944879 0
381267802 1
634033757 0
798936758 1
631195973 2
506672391 1
755251681 1
928965381 1
493561964 0
903315142 0
357897461 1
692303048 2
92959239 0
562266631 1
158960238 0
855097284 2
530624187 2
65400250 0
183076385 1
920565537 2
717787977 2
107095760 0
23508443 0
354428869 0
340806530 0
213718316 0
672079280 2
289449589 0
563787962 1
104444308 1
603390322 2
109933031 1
970915662 4
779807722 2
956496449 3
66801544 0
935673566 1
460615951 0
736423910 0
843432796 1
491523842 0
