90
769742030 0
368546026 3
83729026 0
56109864 0
216052438 0
494224386 3
270424615 4
722198418 0
105264799 0
475918658 0
344858595 0
931217448 0
310270040 0
717502402 0
924116372 0
66017941 0
444684475 0
65086748 5
551446134 0
200171153 0
462630234 0
266972566 0
981909397 6
347004790 0
559468820 0
949620508 0
686394614 0
259691824 0
973807820 3
794670910 0
629161016 0
744369149 2
911090183 0
760552794 6
685832157 0
886260833 1
414642341 0
612592152 0
606612811 7
725079017 0
511093309 0
361598904 4
787261510 0
214717867 1
276804726 0
425176045 0
859837816 0
201935134 0
340294225 0
242672410 0
654822203 0
79214745 0
800594894 0
329260909 0
971477799 0
199292212 2
765191898 0
885748233 0
992008548 0
800489325 0
854745235 0
465531655 0
747549177 3
502281465 2
359406151 0
894522095 3
322913861 0
512447294 5
259260528 0
740688171 1
893001419 1
177376924 5
961891000 0
618221646 0
648678235 0
735641965 7
623858799 0
677476237 6
216549830 0
721043631 0
95391183 0
718825285 8
468692998 0
467547375 0
308497160 0
330952007 0
159150909 0
604177685 0
414891049 0
456481125 0
