93
738838251 2
250027002 0
708373535 0
373378099 0
341613556 2
428292294 0
634703427 0
32232070 0
399676080 1
143526441 0
104636519 0
463153492 0
482226537 0
493818863 1
967686324 2
645232766 2
243444834 0
4965821 0
164505050 0
291761241 0
444763000 1
908848680 2
647613685 2
279000111 0
419047518 1
906442337 3
903103371 2
688628133 1
433402394 0
237648094 0
64895654 0
367269018 0
110261897 0
458082453 2
622716402 0
218365665 1
56051732 0
746067789 3
251013075 0
671276087 1
617694034 0
457519703 2
493885286 0
506717 0
909683975 4
720817075 2
36184136 1
512352751 0
941962045 8
967686324 0
75692042 0
443538245 1
606579833 1
778168286 0
614264071 0
42325838 0
125728682 0
662862397 3
185841564 0
529422032 3
578201795 4
702954796 0
461932782 2
860958158 3
624257136 0
583022928 0
805947840 4
235133710 0
357516902 1
289752820 1
230720964 0
213174903 0
646755957 0
119685664 2
750597671 3
156353498 0
710003147 3
328342600 0
400544052 0
677346166 4
109745392 0
381959109 0
686884867 2
765005202 2
930083098 2
31051985 0
136147397 0
74581435 0
659045443 2
90033330 0
96361600 0
574507534 2
546348262 0
