98
961644459 97
88711324 97
141104952 97
484471373 97
594119912 95
167267745 97
675422553 94
892159409 97
304572011 93
717032426 97
561919304 97
207166617 86
842495542 97
337262454 97
134635822 97
182896103 97
332317331 97
727093295 97
128691990 95
723529257 92
777421990 87
846493726 82
428414983 91
123380450 97
103457368 97
802039772 97
463950010 97
64383064 88
812131778 97
379624935 97
333403290 97
847438686 97
335014042 94
297464293 93
912917005 97
141729979 87
940359852 97
473785012 97
444032131 97
499645353 97
354023459 95
654772994 97
185855356 97
681902741 97
32250341 97
843132693 91
740531589 73
424280608 83
98407500 97
377608565 85
584984185 97
503492474 97
357631535 97
509773217 94
335334746 87
556622279 97
22299698 94
908432008 97
223728484 97
655400316 91
780957133 97
286439626 97
178741144 97
824863408 97
669945888 97
334624510 97
982984263 97
838717396 94
993071782 97
460886923 97
258189267 97
676433347 97
491309079 91
385234009 97
249009945 97
35387088 97
967957083 97
713620290 97
933192566 97
162018077 97
625306194 97
346179475 97
507842088 94
564255998 97
126616941 97
179894541 90
350670217 97
831874351 97
939829722 97
503688134 94
942991597 97
33980633 97
943921783 97
993071782 97
381725013 97
782944170 97
77249183 97
599768612 97
