99
949038049 3
708556776 1
824285140 1
479938639 1
680303197 1
43747515 0
610500765 1
876058277 6
147995692 0
178614319 0
798312691 2
237533798 0
88691797 0
66306198 0
653855045 1
617874444 0
201061490 0
182739682 0
516280923 0
899103555 3
952183483 2
983538398 4
76613441 0
877734956 1
982694902 5
867902406 0
983538398 2
625910945 0
540155105 2
954389935 3
588857549 0
404258458 1
210388916 0
561793795 1
536625976 2
170540166 1
404623988 1
236009068 0
221083700 1
37485855 0
392126136 0
310116122 0
97354340 0
981866654 3
817116992 3
305867856 0
436037612 0
776914299 1
113758368 0
863316733 1
564776533 0
965848625 3
536506373 1
37464506 0
794716788 1
654031544 0
834886623 4
583078558 1
472734826 0
927228789 0
655461552 0
728831503 2
391667891 0
546660349 0
553143774 1
299214099 0
387124768 0
977814809 5
356492624 0
736207666 2
847941724 1
443568642 0
65157835 0
741607396 1
568250591 0
702974627 3
556316372 0
615084438 2
952785226 0
238063358 0
646418554 1
13193614 0
915266252 2
610937515 0
829833767 1
182950748 1
25075188 0
537064713 1
306396694 1
535937411 0
621241201 3
491158854 0
461392594 0
719753838 1
758694175 0
741670208 1
168180449 0
808422819 3
492310611 0
