86 20
100
1 73
96 76
93 90
21 38
58 22
27 78
89 77
65 85
46 76
15 67
59 38
31 96
60 33
23 31
54 57
49 86
56 5
50 40
61 93
95 43
17 82
35 14
88 82
70 17
1 39
35 91
92 85
12 55
48 41
13 72
26 6
57 8
76 48
73 94
39 4
46 76
93 29
43 53
92 74
1 52
93 50
41 43
14 23
6 33
97 36
12 9
50 58
86 60
49 26
73 99
53 66
23 71
63 84
77 48
61 66
89 98
95 20
32 2
65 93
9 94
87 57
21 25
72 14
5 48
83 4
55 56
29 63
92 62
10 73
32 57
99 77
10 83
22 42
56 97
18 53
37 46
42 95
50 72
75 84
68 79
63 97
74 40
19 71
75 4
37 6
12 38
67 15
0 84
54 94
26 71
20 65
79 90
43 99
73 35
71 66
81 54
32 69
2 88
89 15
68 9
