155 1
200
183 40
121 24
91 17
94 130
133 85
56 135
30 165
190 23
143 63
62 25
79 93
8 53
98 85
16 99
76 83
100 143
170 10
119 107
166 31
40 199
126 140
13 12
189 131
148 57
145 196
182 176
22 134
102 175
166 139
179 113
183 91
31 61
176 189
77 11
128 47
116 142
26 101
69 58
55 142
130 55
135 158
17 13
64 33
73 59
61 6
69 136
69 17
90 100
30 150
162 84
82 48
20 58
53 19
57 178
85 66
50 72
76 46
16 179
170 88
30 147
24 119
166 4
126 124
49 141
110 104
42 94
175 166
159 111
35 134
100 139
157 43
110 169
64 74
97 162
94 25
119 9
170 45
179 93
18 164
110 191
86 119
189 142
155 53
141 101
197 119
34 157
5 10
137 192
176 12
174 138
134 183
135 16
131 128
199 8
22 41
159 18
117 44
104 67
91 66
175 193
106 17
84 8
125 82
23 52
50 19
155 68
169 42
62 160
84 64
18 24
9 192
75 87
55 190
186 197
81 180
64 114
70 124
148 176
171 195
81 153
48 111
150 179
23 159
8 145
140 98
176 193
179 20
94 165
117 29
43 124
63 151
168 108
165 160
180 42
177 17
90 131
41 9
93 47
93 76
70 32
87 157
26 175
69 65
96 96
114 69
191 133
45 95
195 51
40 9
172 165
146 101
198 115
126 112
23 44
58 55
111 164
49 193
162 135
53 155
66 84
34 118
107 99
45 45
85 20
14 56
70 137
150 50
65 8
85 36
108 91
66 44
159 189
42 111
6 8
49 23
163 190
5 65
178 74
181 88
127 109
7 92
152 187
130 60
64 170
52 161
181 82
173 93
10 188
71 121
142 94
104 71
199 116
164 57
136 75
76 96
4 65
75 186
153 154
168 20
146 121
