267 3
400
106 267
236 269
289 162
60 196
126 153
185 245
163 220
91 291
27 108
140 155
262 12
292 294
35 37
94 266
49 242
41 73
11 200
251 18
4 183
201 86
31 116
269 32
32 97
163 10
41 48
245 286
69 180
295 177
137 99
12 295
34 138
19 245
12 164
230 146
295 111
254 106
105 153
89 270
77 20
239 166
258 151
54 70
180 207
51 18
90 31
178 86
239 40
229 26
6 217
1 183
190 16
52 8
166 172
210 86
190 173
20 201
40 107
92 177
188 224
266 233
260 17
64 107
113 36
16 154
72 161
265 283
86 205
250 233
136 137
270 201
228 125
193 274
94 242
69 142
188 155
154 75
99 33
183 219
114 183
119 145
146 143
209 245
293 159
255 52
199 201
219 41
29 259
206 218
69 135
239 21
99 104
122 51
157 16
46 120
180 256
262 153
245 287
293 221
289 95
126 261
73 139
273 204
156 231
263 115
291 275
210 106
204 20
266 49
104 273
270 56
295 67
269 20
252 82
237 128
294 146
208 20
292 183
26 193
286 41
84 243
294 52
264 158
256 174
175 182
27 52
9 119
213 81
101 13
119 251
222 260
158 283
3 242
291 153
216 101
268 254
50 29
25 200
239 236
161 46
12 36
274 217
197 235
276 237
160 280
30 62
71 148
219 247
130 73
98 126
10 290
191 229
164 274
21 250
58 12
226 81
85 217
205 121
1 6
195 51
293 238
181 211
256 57
112 112
213 104
174 172
116 254
94 158
194 4
136 7
85 10
295 169
30 44
85 155
141 187
214 159
1 93
265 214
257 260
109 72
16 132
190 37
298 24
58 173
189 293
20 129
121 83
280 148
260 294
97 267
222 22
209 209
270 107
281 292
15 298
139 262
8 134
194 105
185 268
273 115
211 12
172 102
273 190
94 129
273 78
81 62
243 239
65 26
262 148
229 288
29 134
93 74
140 15
166 138
188 195
9 123
174 30
213 54
241 271
36 201
203 160
181 67
12 23
273 49
224 58
22 78
263 12
31 53
184 210
171 50
287 168
9 33
86 137
173 147
261 70
134 130
246 260
58 173
297 5
285 250
113 95
99 15
98 257
285 34
152 248
16 256
95 215
106 181
121 83
30 283
241 248
128 138
24 190
163 103
203 1
238 62
230 94
212 214
4 176
3 221
273 43
45 57
154 20
58 24
185 7
123 220
126 24
51 152
19 283
124 126
85 20
83 72
120 3
65 267
99 209
82 58
50 121
78 223
218 280
147 157
161 154
33 41
199 18
218 257
262 18
42 12
123 17
255 51
98 51
254 182
126 80
225 141
127 117
163 96
78 214
176 240
37 118
266 223
208 39
17 184
137 187
71 220
209 272
217 222
293 252
184 176
114 10
57 283
269 99
241 167
247 214
33 249
138 173
100 36
170 213
120 197
97 34
209 246
24 209
238 162
187 152
106 131
121 189
212 235
266 280
231 224
176 280
119 221
86 78
98 290
232 170
20 168
89 244
259 14
210 80
244 69
178 63
144 9
169 159
188 194
4 75
182 112
196 25
257 11
271 254
293 144
62 285
8 197
93 204
86 273
194 170
54 34
205 215
263 138
109 244
276 114
78 216
0 214
174 52
203 135
60 139
259 151
228 291
236 205
257 258
81 174
261 286
196 89
293 182
290 0
94 66
60 49
245 51
151 274
199 217
197 165
142 239
54 113
146 194
156 67
281 59
219 73
216 48
175 3
240 55
113 213
42 51
157 222
255 173
122 200
69 76
72 138
76 281
249 285
37 152
169 11
114 109
35 187
252 85
253 250
268 58
