741 11
5000
653 989
688 493
257 984
403 839
684 356
208 749
376 3
667 162
979 809
836 29
145 218
88 498
832 26
57 273
627 307
513 854
312 339
259 559
346 963
42 306
815 625
888 964
202 39
169 18
874 674
949 244
218 155
673 85
495 209
198 893
413 638
9 399
658 294
210 187
674 563
149 213
529 91
36 908
372 384
338 764
296 879
673 980
65 570
669 201
317 502
919 594
631 333
516 233
612 846
956 464
841 160
211 2
723 778
354 565
541 606
911 111
30 498
105 358
688 502
565 70
130 712
812 71
135 427
42 917
445 267
921 238
223 442
716 687
948 159
500 696
821 610
495 715
67 233
963 769
630 431
544 389
439 783
843 471
127 557
348 954
190 581
833 334
421 762
984 223
884 177
913 44
261 195
130 345
343 943
337 213
964 277
229 293
35 44
62 983
694 429
184 16
141 45
325 127
682 799
944 399
763 480
594 601
604 201
568 711
490 985
491 90
888 824
351 966
910 205
188 681
709 137
688 815
764 2
484 9
46 193
154 529
818 580
766 743
842 373
570 167
940 57
23 329
356 521
435 968
64 620
22 524
74 316
68 224
994 660
686 372
850 825
489 531
40 286
117 422
615 998
23 488
878 718
647 321
863 367
547 715
18 489
834 728
719 291
626 433
392 972
35 792
749 373
498 960
861 845
895 991
12 844
503 243
887 640
218 754
986 603
238 304
18 514
202 965
308 655
964 876
972 177
532 686
535 823
398 253
81 761
636 825
343 567
994 670
23 519
152 84
707 595
508 470
354 577
445 116
823 17
377 481
128 547
872 797
608 526
118 364
269 506
789 781
626 663
185 371
199 524
770 336
684 993
597 445
530 677
308 188
378 808
409 942
235 50
143 805
240 427
73 619
464 945
185 337
269 637
3 498
5 158
607 141
748 100
586 118
368 566
261 589
44 29
389 685
21 446
841 111
744 52
880 285
282 412
8 503
150 504
400 777
259 13
399 419
612 820
106 816
862 828
338 887
357 510
324 613
47 712
903 369
335 811
953 647
155 517
443 254
407 352
104 914
536 833
122 874
2 986
69 163
675 440
466 115
77 125
646 23
912 999
320 965
573 960
446 411
916 236
880 758
271 22
76 284
101 979
457 75
968 541
52 295
447 193
54 656
333 425
675 721
432 100
260 890
267 897
766 887
404 255
201 456
334 248
219 327
105 954
658 925
709 717
661 452
323 175
284 230
228 723
363 957
79 309
652 241
855 312
801 142
251 656
678 642
941 8
485 723
412 38
183 608
522 770
914 683
813 499
878 125
666 833
799 370
374 20
798 697
99 956
696 861
282 790
413 519
859 718
74 457
78 751
776 404
589 412
674 171
79 195
467 198
271 757
374 320
964 304
356 130
975 661
394 846
527 402
296 692
816 768
387 432
159 926
779 770
248 892
542 940
553 377
651 168
596 30
408 96
377 433
821 396
441 123
671 839
444 458
262 994
996 536
231 8
688 722
410 984
738 57
613 583
233 660
967 163
456 997
686 129
333 720
378 479
963 279
975 779
960 328
359 546
976 861
934 194
152 555
116 40
667 36
543 835
305 589
790 591
11 768
783 715
793 899
889 220
524 808
307 519
900 67
179 483
155 559
496 692
815 177
673 314
132 731
836 296
760 27
624 37
158 353
211 630
171 628
628 34
28 766
218 5
950 243
579 805
261 431
910 936
854 437
98 476
572 568
52 982
142 198
461 244
727 519
242 435
62 995
10 33
356 321
404 203
648 73
102 561
950 651
823 749
43 814
158 528
651 666
784 613
700 542
870 124
976 387
396 40
679 406
892 450
986 994
89 36
545 148
764 806
334 957
563 828
512 212
853 101
169 89
967 286
377 139
866 566
888 619
442 327
143 975
616 523
432 456
474 581
298 100
982 372
126 484
58 43
596 671
167 588
743 326
129 512
965 934
81 304
552 529
243 24
199 413
896 94
118 403
717 368
793 769
995 563
949 201
69 484
32 224
421 507
196 736
350 667
592 974
739 940
55 188
159 697
926 400
396 923
330 596
316 659
888 540
147 260
324 27
363 975
291 798
669 908
944 751
167 576
226 331
585 185
988 853
895 252
493 937
938 968
270 601
487 865
310 332
166 813
185 570
420 810
365 465
249 486
307 227
987 878
572 638
834 256
858 986
330 24
426 822
892 511
153 956
252 143
788 585
980 448
878 502
864 407
206 897
593 82
974 421
906 277
253 885
22 359
6 525
192 53
31 953
985 471
19 556
357 15
752 59
158 925
778 975
184 765
766 143
547 6
928 323
5 693
293 122
397 480
618 269
313 828
819 938
169 528
165 858
593 599
228 795
859 994
565 238
547 820
822 978
233 980
881 15
50 310
157 60
184 466
669 306
485 284
655 671
556 482
93 396
680 74
727 863
747 409
824 794
657 620
821 954
786 563
353 305
163 529
348 580
742 374
303 909
637 725
209 242
843 814
21 164
955 557
42 874
967 529
474 243
194 622
339 351
294 723
225 71
488 301
234 649
7 546
96 645
424 767
611 722
317 83
388 265
953 730
852 769
429 394
283 34
63 321
289 714
814 53
352 403
383 770
503 82
371 440
425 138
38 403
228 399
602 241
795 468
370 175
604 285
527 461
971 342
471 821
901 258
289 688
862 340
66 801
468 10
867 903
745 100
984 592
948 498
346 777
57 372
438 398
453 711
965 809
635 967
706 922
913 23
159 604
27 674
976 969
639 574
909 952
728 836
629 774
452 386
270 801
662 432
366 879
556 78
445 470
977 549
280 185
180 241
368 1
136 358
785 98
506 600
148 482
902 145
445 317
419 615
253 779
362 467
113 728
27 163
25 484
959 440
386 401
511 569
332 880
108 535
53 124
453 703
741 860
780 275
32 598
817 57
799 367
645 146
183 547
945 260
152 643
421 41
935 914
241 86
524 528
951 789
469 247
158 187
833 881
425 674
582 967
838 184
292 227
200 759
792 591
670 323
602 300
873 863
975 53
818 720
775 977
825 688
120 732
711 836
233 518
517 479
856 914
971 909
733 161
130 97
365 933
274 55
935 678
613 586
722 968
738 719
38 251
99 897
766 738
263 675
12 261
97 729
717 319
191 151
65 304
467 544
260 219
422 544
480 545
456 251
409 309
937 436
583 543
924 598
968 777
806 279
99 749
67 304
229 732
442 854
232 352
660 644
463 363
801 775
156 854
658 224
523 860
608 22
132 596
940 809
20 962
357 768
900 590
557 76
161 379
900 459
867 929
508 590
318 308
171 123
611 52
548 891
640 835
758 885
964 618
19 706
660 836
731 735
497 16
438 638
720 27
750 637
824 500
483 725
359 567
188 140
998 499
701 516
944 76
235 225
695 9
530 847
471 63
632 34
321 788
7 749
730 412
606 532
177 304
689 961
428 338
221 930
516 723
765 913
172 558
568 51
710 258
280 162
102 411
572 971
797 665
375 649
679 407
711 944
301 69
966 370
20 151
469 382
997 861
340 220
163 193
643 146
96 3
477 138
536 800
727 554
579 999
773 842
391 491
94 601
285 652
467 625
192 221
884 719
873 199
835 620
685 173
262 54
549 63
633 407
268 807
842 901
573 94
852 657
499 920
564 120
591 380
359 37
446 949
426 581
392 35
104 617
162 475
784 72
829 947
613 890
941 903
972 302
658 847
25 221
514 326
410 900
21 620
210 758
56 917
88 88
267 809
726 868
995 714
874 222
120 360
840 714
304 72
341 12
595 113
270 782
268 790
503 957
590 399
725 373
637 711
573 937
17 159
634 235
143 282
731 74
679 687
914 967
311 939
246 183
302 484
146 820
66 351
596 964
875 210
631 640
109 34
121 582
810 439
613 920
646 939
611 955
81 143
779 161
17 278
910 231
709 808
517 96
819 705
135 936
754 567
648 465
705 719
548 810
303 736
976 306
608 190
730 930
719 121
860 537
150 547
781 205
279 878
599 785
863 164
754 185
957 213
104 119
912 716
239 2
926 290
546 522
878 554
216 189
79 747
420 765
158 858
843 504
204 781
89 399
78 424
692 391
884 484
375 731
906 763
1 111
833 326
452 327
111 695
526 334
435 71
819 895
994 865
832 944
301 245
530 754
928 814
758 347
517 549
846 51
47 907
242 490
208 243
468 241
59 702
123 332
530 84
121 871
689 874
613 814
137 430
850 971
206 101
286 83
858 454
692 537
184 221
666 810
641 977
252 976
306 605
415 280
12 731
39 219
571 476
353 776
272 329
153 368
695 838
582 721
290 337
401 932
451 399
778 784
214 912
963 4
309 102
19 56
730 138
628 493
193 783
349 504
466 997
392 724
403 895
805 653
301 557
206 93
691 691
153 370
518 424
825 150
163 0
645 982
130 627
624 508
873 900
719 965
624 730
38 996
139 914
635 613
91 707
521 355
549 784
895 370
881 474
775 437
716 716
751 609
183 781
211 400
637 409
521 672
977 241
691 874
830 966
185 443
413 90
988 469
450 567
36 23
647 309
340 257
0 457
392 722
790 664
246 138
556 736
762 920
909 824
664 628
364 843
942 494
826 946
343 342
867 638
849 777
545 898
168 811
328 599
41 759
456 197
904 825
887 753
210 949
836 369
403 788
869 490
650 430
626 923
952 427
743 175
309 689
334 543
195 978
739 670
249 498
774 315
585 157
533 994
194 927
711 939
942 386
154 10
501 996
37 141
881 902
607 153
872 366
598 430
629 613
833 486
872 930
207 50
553 278
654 317
504 910
925 23
128 964
841 275
496 494
876 1
121 790
409 573
931 616
50 702
7 991
626 840
22 472
75 658
833 805
914 337
558 339
598 579
378 860
988 93
978 654
406 494
128 443
543 25
884 847
9 823
520 917
999 323
771 690
435 436
15 368
185 198
396 829
642 529
547 769
315 841
83 180
43 956
415 677
504 775
949 948
83 546
769 577
759 983
288 378
22 839
118 881
476 229
848 828
330 664
75 180
508 894
395 174
171 492
396 357
972 686
941 846
864 717
8 18
842 132
500 615
444 963
131 696
690 612
540 681
373 361
890 107
33 204
331 54
463 500
177 202
908 119
701 253
136 298
527 320
928 291
383 706
325 128
712 547
635 485
559 730
819 482
984 648
913 859
129 587
14 950
550 932
471 960
59 817
708 81
405 20
130 483
426 1
682 687
923 356
63 104
561 233
396 5
102 666
908 163
176 557
280 738
961 3
805 643
425 627
891 200
418 452
175 444
27 438
873 399
663 210
551 779
203 21
241 762
635 26
243 125
869 405
190 822
948 88
782 975
142 625
645 97
695 946
319 639
796 176
900 400
585 277
114 832
620 647
968 583
439 814
996 552
697 481
446 476
950 610
443 709
211 518
603 467
619 518
674 18
156 360
531 546
691 950
288 846
468 478
700 718
874 584
441 925
629 180
850 275
871 49
883 459
246 711
931 278
974 670
313 415
68 756
4 358
635 812
146 109
99 257
786 861
893 95
522 330
640 403
521 779
96 510
750 107
697 613
287 155
608 612
419 533
139 638
337 994
644 535
118 678
25 811
524 415
487 876
477 793
379 783
572 364
367 103
100 724
171 529
351 897
578 503
864 365
345 166
809 841
739 135
694 391
623 489
168 281
368 981
580 561
164 985
529 775
334 318
614 783
669 762
41 328
194 71
608 182
134 66
524 640
73 717
506 362
380 557
40 941
649 756
94 274
413 632
330 443
53 530
682 442
845 873
575 744
122 524
740 295
378 316
451 752
463 271
8 191
368 222
708 426
984 408
435 85
365 852
774 8
586 788
346 407
813 892
832 386
874 991
739 955
814 746
893 682
764 967
370 668
196 420
658 344
551 682
324 729
165 182
870 895
303 210
78 869
396 725
420 508
128 367
525 71
769 879
730 741
985 413
807 899
735 295
620 679
517 176
999 862
955 373
392 878
275 822
276 525
931 499
899 456
326 956
90 5
819 312
610 226
572 903
7 867
145 544
89 704
435 956
542 964
105 65
14 23
822 856
222 245
57 318
830 830
795 927
67 20
413 439
438 151
447 191
986 788
362 998
586 490
735 389
169 740
214 106
840 714
64 214
75 647
101 463
724 132
895 703
887 708
637 146
652 694
753 244
9 415
123 345
749 389
323 387
894 804
962 936
820 653
346 650
923 218
250 413
949 532
859 220
942 573
117 756
710 942
75 422
499 706
146 178
628 313
455 975
111 311
902 132
636 754
43 203
839 959
197 72
818 269
782 982
696 40
116 962
564 56
371 670
256 423
9 303
750 823
161 456
731 458
753 285
279 688
203 281
334 924
720 40
858 407
0 813
742 28
787 78
556 562
627 611
745 198
328 194
20 494
827 422
850 278
339 859
837 663
107 948
696 219
713 918
228 963
897 730
727 105
737 855
656 814
794 445
276 509
861 795
76 46
844 561
613 452
316 231
14 431
914 997
589 339
619 593
179 192
434 108
523 584
94 789
559 691
25 340
43 606
562 368
384 519
604 786
994 899
85 744
643 441
496 963
910 525
99 1
788 510
290 979
594 135
266 856
881 177
574 721
429 728
294 587
783 26
867 88
403 308
261 334
27 908
181 454
794 327
579 918
449 277
473 400
973 272
741 97
455 825
779 498
219 123
497 131
985 254
82 155
816 949
228 497
678 120
849 286
185 227
538 169
217 605
303 593
499 474
792 311
904 298
199 81
227 376
364 832
167 19
832 459
551 928
266 313
428 358
957 612
107 144
480 440
996 15
132 608
188 198
810 818
148 212
635 294
495 133
278 402
576 249
613 705
50 12
960 359
38 885
952 263
257 631
317 366
883 10
257 973
657 554
779 514
515 503
549 199
959 820
479 426
532 9
713 604
168 873
68 42
595 156
50 655
849 46
378 696
156 454
413 94
760 944
484 32
246 732
503 822
673 173
119 63
627 34
637 220
241 776
80 883
859 990
404 764
669 31
902 511
873 516
65 917
899 224
763 275
915 650
160 386
39 958
542 665
622 468
856 825
614 336
44 992
342 232
165 495
557 57
57 412
138 99
155 241
385 584
234 451
892 225
873 355
216 905
893 353
372 656
666 628
365 961
358 355
101 260
349 391
783 685
859 974
845 707
173 306
563 538
512 600
849 161
976 378
548 301
355 765
157 548
364 228
568 187
576 779
551 25
348 764
189 449
405 310
676 372
774 993
695 773
486 155
904 611
391 158
923 370
808 815
217 658
716 1
391 535
137 768
4 287
10 79
398 479
806 466
310 631
462 756
975 689
747 435
451 582
365 655
726 313
717 126
769 377
268 827
272 531
274 843
581 791
232 262
195 806
438 140
75 794
790 349
98 598
567 792
17 146
459 669
156 344
217 387
708 202
83 299
989 385
785 314
248 671
917 211
10 79
797 299
179 111
973 948
313 85
402 802
698 807
423 849
869 865
276 749
218 3
610 240
205 673
528 295
167 697
833 525
909 40
948 175
951 494
251 479
818 917
628 482
583 622
995 385
858 396
350 492
347 494
535 618
664 889
326 794
825 596
181 45
971 747
834 345
766 381
624 632
231 606
526 887
319 510
686 760
513 335
839 920
440 466
756 417
903 299
891 889
767 41
719 58
628 7
95 32
232 726
813 838
135 457
431 153
546 375
817 251
284 60
952 1
224 368
745 758
232 934
504 302
159 655
825 491
33 989
619 180
662 472
16 857
291 148
127 928
440 129
778 955
186 194
864 80
995 38
540 944
101 283
500 472
459 950
27 347
409 27
711 69
934 395
499 145
193 49
87 301
673 373
147 97
676 185
544 668
857 910
967 887
190 552
639 479
346 862
771 543
788 347
274 572
594 704
958 559
307 303
709 975
78 785
907 172
745 138
806 957
179 392
985 859
561 87
17 332
365 919
3 241
130 652
556 600
770 118
407 226
544 791
995 246
358 991
483 332
256 683
316 708
640 138
242 997
392 783
67 885
770 874
626 288
236 575
581 593
164 573
592 346
489 223
936 786
562 783
361 458
220 614
833 671
256 270
658 931
34 416
540 284
171 686
128 100
504 426
118 183
194 789
8 824
220 1
885 516
64 319
807 885
762 819
989 64
827 282
114 560
287 123
268 641
776 331
422 93
257 903
198 955
379 534
39 171
435 437
801 747
594 849
788 845
716 976
17 430
722 137
889 609
24 767
979 818
767 42
682 380
428 165
5 91
311 33
78 891
797 785
756 167
191 780
232 50
513 927
523 834
739 0
103 512
20 812
298 881
762 193
678 752
586 405
244 282
679 149
108 400
211 871
230 456
303 97
364 869
73 543
381 443
113 25
4 811
123 594
528 237
176 282
122 745
508 981
401 941
273 186
33 386
3 6
167 199
179 646
183 853
724 624
895 680
841 387
633 45
309 458
525 358
545 117
92 359
137 639
662 845
991 889
949 314
167 558
144 667
98 477
801 890
811 595
815 532
36 422
253 939
842 570
393 253
805 656
198 875
322 162
106 371
920 225
393 31
998 911
536 732
444 13
146 852
717 406
199 932
811 370
832 758
443 828
77 649
261 253
143 340
141 895
238 742
29 706
699 929
769 722
679 786
169 663
203 403
122 579
166 258
541 296
291 575
623 328
199 626
664 35
87 594
676 228
528 103
213 340
574 969
134 542
830 654
921 177
267 520
419 274
68 685
739 527
596 637
526 580
657 624
374 10
631 46
782 923
138 556
176 896
791 237
31 19
939 951
149 53
394 226
462 897
578 621
395 703
29 497
737 858
571 419
295 666
525 142
851 691
675 871
798 796
55 7
475 641
232 133
700 754
808 378
821 642
855 242
615 440
421 569
631 57
275 156
868 292
107 284
132 701
836 815
847 570
415 71
571 729
892 296
446 624
950 438
711 772
635 533
566 587
565 127
240 113
123 66
252 47
961 839
248 119
459 228
260 10
678 803
653 730
696 969
156 392
483 0
677 519
638 205
697 399
443 266
916 587
810 101
375 171
725 504
463 451
866 231
636 74
309 221
499 884
555 615
757 777
431 255
206 284
592 298
54 572
633 163
59 30
25 550
949 145
361 725
449 792
920 887
783 52
42 492
588 984
621 866
377 555
274 211
474 57
130 773
591 634
335 152
750 138
822 324
415 871
644 232
111 695
726 708
310 303
255 568
225 940
582 683
24 614
709 661
673 560
507 940
987 338
3 659
220 543
531 991
92 215
878 840
72 246
986 558
151 179
459 498
112 690
230 632
603 475
687 524
547 721
579 345
403 923
703 691
885 646
87 527
188 561
623 46
292 791
174 110
556 121
62 560
819 626
630 395
264 673
432 432
225 610
787 796
197 141
842 593
242 662
482 724
536 195
152 169
579 545
281 419
789 344
249 420
233 786
845 435
489 648
752 801
122 349
442 587
91 585
652 99
930 735
933 615
590 695
752 416
958 517
68 61
968 744
819 966
867 828
155 521
478 712
736 311
590 273
792 552
340 317
757 299
933 713
591 831
552 36
55 14
531 561
701 108
311 969
348 268
335 919
609 3
973 594
719 211
245 606
853 66
288 299
598 624
955 301
280 356
845 202
518 0
292 111
998 841
201 475
220 344
951 915
629 475
240 453
461 828
616 524
914 393
424 986
398 155
500 25
632 207
790 689
652 464
793 798
391 26
150 15
764 449
434 320
385 440
382 865
26 131
422 852
725 309
803 123
213 82
857 719
376 23
33 186
121 757
704 527
638 394
751 172
42 647
17 23
148 547
871 662
335 638
639 85
272 511
633 660
523 215
833 191
927 636
144 20
885 783
595 872
341 366
74 507
952 194
810 183
871 698
404 533
179 23
428 471
947 598
634 287
649 961
348 927
925 294
258 679
384 662
985 427
554 375
177 418
6 83
655 824
705 927
916 972
542 181
587 323
268 706
15 979
310 217
339 777
994 318
256 44
51 787
378 63
336 766
851 651
162 473
535 82
146 761
895 822
552 272
14 472
37 372
439 801
386 429
477 804
311 970
841 802
853 989
615 413
164 970
561 893
390 884
107 942
802 377
245 288
938 737
957 270
701 290
738 983
790 359
682 456
795 764
900 272
534 500
367 779
208 316
258 440
537 877
321 243
873 365
639 923
459 495
910 29
524 942
632 791
840 342
538 406
966 652
980 289
647 456
346 83
443 50
598 773
763 107
827 953
872 271
43 96
403 210
899 309
539 207
186 552
634 546
877 997
264 728
30 522
295 466
800 324
669 654
533 442
245 150
728 225
174 910
811 246
546 642
539 831
592 118
367 667
155 60
236 389
658 818
764 109
662 825
482 119
718 215
647 74
646 278
681 825
155 291
255 574
137 39
70 746
14 338
367 390
588 291
790 774
18 377
461 905
268 901
151 706
183 93
485 42
582 779
628 451
624 916
341 126
79 890
948 62
482 675
10 491
364 231
395 377
74 629
433 990
257 975
863 399
791 641
798 27
341 966
907 86
83 147
527 296
756 514
294 732
981 297
49 666
706 504
204 405
138 63
512 749
934 637
674 597
814 610
570 222
804 230
525 683
30 439
708 123
408 896
747 235
440 300
547 393
985 55
112 314
304 357
387 940
154 273
537 821
604 88
674 226
913 827
763 481
568 857
332 552
564 498
59 35
834 573
192 978
414 147
615 712
54 553
817 525
421 2
362 389
922 59
364 511
446 254
475 896
226 991
776 949
775 970
255 684
667 115
848 4
603 732
697 143
843 395
954 999
168 433
591 383
271 300
42 894
227 189
215 216
179 411
303 60
537 95
477 734
964 518
916 207
7 378
814 80
720 425
326 211
570 156
696 498
547 810
484 926
318 162
758 785
843 772
569 260
794 177
583 306
932 711
138 547
642 502
175 634
843 933
974 616
555 149
355 215
374 213
912 903
457 173
409 668
314 11
486 445
691 809
4 431
651 844
773 105
316 927
267 814
814 894
465 454
515 276
106 444
697 693
16 353
443 660
878 896
288 94
855 560
915 494
69 493
409 855
930 336
998 957
50 274
200 620
975 549
354 95
484 315
659 91
915 541
932 185
703 453
22 743
946 196
930 904
369 221
574 55
323 912
311 928
293 16
97 576
536 333
601 904
98 171
28 709
849 721
293 275
107 435
555 77
9 921
832 263
679 142
11 229
54 417
351 33
539 615
186 705
309 599
487 142
442 269
820 686
675 823
701 938
179 203
855 257
628 119
542 187
634 472
647 264
189 132
446 335
572 127
442 783
461 906
348 777
646 39
220 11
39 719
420 31
429 20
571 266
961 23
771 845
599 499
859 71
896 24
709 746
392 521
873 138
856 614
657 369
381 971
347 989
7 79
2 688
883 14
69 55
874 320
151 12
888 287
541 45
117 925
411 138
503 84
767 618
543 788
612 455
287 152
169 357
682 881
696 975
876 698
327 235
558 898
930 201
788 573
943 71
422 179
656 568
418 144
461 784
760 394
903 162
645 151
862 826
289 916
565 684
505 774
696 667
677 29
773 594
347 212
864 935
994 107
461 195
928 197
154 923
861 298
610 410
614 134
603 165
939 552
273 93
720 148
137 705
424 978
822 713
901 76
144 404
314 380
664 867
257 284
734 395
221 372
179 919
714 727
287 364
864 782
988 924
643 595
817 171
358 976
0 37
107 166
616 358
636 950
11 864
134 83
817 449
233 918
380 746
833 313
762 873
440 341
438 896
785 756
208 436
159 431
848 894
252 105
78 781
818 337
157 203
766 933
252 900
431 602
612 98
932 981
93 531
891 901
632 161
779 102
14 297
795 471
392 213
152 653
628 570
307 38
143 115
449 55
294 564
249 263
163 775
586 521
358 26
194 750
657 159
703 392
531 556
66 1
614 889
80 354
530 828
472 76
208 24
311 842
751 209
406 69
594 153
275 935
439 799
188 944
178 587
599 125
248 43
165 707
165 402
722 232
190 891
423 11
47 594
337 751
327 691
479 412
911 697
671 406
159 65
337 892
305 804
306 538
420 849
443 80
914 704
592 552
978 976
730 908
591 706
717 501
711 35
571 381
796 134
30 230
911 936
250 401
64 762
945 665
223 771
373 5
63 859
697 881
861 273
296 741
461 590
117 29
253 904
449 15
953 432
209 272
245 996
621 295
582 726
226 193
98 395
145 987
58 772
278 411
231 432
705 920
131 41
417 749
35 882
876 418
484 608
471 419
747 974
476 327
899 311
639 434
555 744
857 595
134 306
318 455
561 925
54 780
320 496
55 975
481 242
321 399
367 372
577 439
72 213
519 216
488 509
631 284
660 258
300 492
448 838
753 924
698 838
214 402
116 141
473 986
661 791
794 108
889 446
677 388
173 945
44 306
908 264
691 920
140 793
378 295
658 598
711 554
530 221
97 704
831 462
438 230
681 1
990 283
498 493
693 195
728 2
789 229
495 704
498 245
732 382
220 794
106 572
288 769
745 945
791 912
234 165
574 516
220 512
373 836
547 682
280 515
347 481
393 714
577 518
83 355
443 176
201 399
778 223
445 49
167 634
489 729
692 754
946 683
167 669
975 381
218 940
606 372
973 172
184 655
963 57
81 291
745 527
993 893
922 367
69 227
821 328
718 244
37 11
280 867
520 718
749 272
553 226
976 582
383 6
898 470
163 681
577 59
494 219
68 621
928 109
616 6
722 796
278 407
957 322
362 76
569 701
758 108
527 559
509 98
279 812
392 279
3 847
621 749
834 685
666 317
942 96
174 794
206 149
505 588
821 958
704 815
745 258
738 689
301 104
869 439
71 199
569 880
979 969
539 816
246 644
100 431
379 320
248 152
482 763
512 514
412 144
840 250
152 683
737 95
690 399
976 653
822 176
573 227
945 345
206 37
225 840
721 10
576 933
277 375
301 567
978 274
106 630
484 407
943 402
60 519
670 27
631 76
61 230
221 351
135 431
995 122
603 113
186 158
251 400
677 927
367 175
191 411
272 106
195 678
149 70
946 608
305 908
673 517
586 218
904 924
556 49
972 937
5 544
973 884
654 367
121 520
872 221
303 148
748 939
125 525
186 695
723 330
227 954
998 487
135 634
190 691
384 113
543 570
965 4
828 803
200 140
111 906
497 384
707 392
160 242
675 878
606 366
487 846
421 662
846 858
932 560
87 931
612 190
287 307
397 165
614 755
226 319
505 878
528 233
282 924
3 773
195 24
186 841
295 691
790 927
26 494
191 667
667 100
975 40
121 438
20 683
659 540
66 430
255 123
295 399
548 946
302 910
367 236
13 378
674 840
534 669
600 476
962 747
3 142
169 152
119 490
595 143
548 455
938 419
383 409
798 994
25 857
904 428
983 936
543 561
280 104
54 360
698 939
947 777
934 705
722 244
511 559
465 216
751 435
1 413
339 697
531 834
866 545
201 632
465 542
712 460
674 384
485 465
168 355
973 12
652 414
459 254
940 29
782 574
671 624
448 260
898 458
368 383
134 466
641 488
167 909
465 717
54 786
307 591
536 356
397 844
910 572
226 53
963 461
514 9
633 550
37 177
180 740
396 650
797 45
808 774
168 29
889 403
94 21
248 546
516 431
341 729
66 244
386 498
294 390
861 610
702 846
746 283
937 679
775 874
183 433
607 273
956 455
520 798
73 313
92 403
515 483
20 36
954 596
824 732
675 736
160 680
623 975
246 650
866 835
754 359
997 406
549 498
28 442
942 863
512 703
392 960
118 560
594 196
654 910
685 43
101 956
930 515
539 121
2 374
462 993
707 154
309 444
994 711
838 310
868 796
121 405
819 155
3 358
327 417
628 409
2 839
697 808
227 467
2 868
76 544
45 512
356 457
570 420
254 698
316 155
760 639
590 517
381 515
860 342
452 259
142 757
518 336
25 590
148 617
389 705
406 510
536 920
157 414
401 853
122 554
214 626
572 616
654 646
391 481
944 871
728 419
635 811
450 999
267 477
235 692
11 71
279 946
133 954
124 872
3 559
989 711
690 313
544 229
714 265
280 515
263 641
115 791
707 617
172 899
346 366
234 164
772 622
896 516
750 525
731 592
369 138
135 226
914 378
154 296
209 493
600 387
802 20
493 714
934 457
894 260
843 367
240 985
880 110
943 202
242 433
633 957
34 767
9 818
477 597
252 800
650 746
663 536
672 185
151 633
101 835
519 379
792 842
70 900
424 528
894 334
74 230
630 150
151 157
761 583
659 576
541 221
968 280
765 971
985 751
760 637
375 397
503 951
47 535
339 588
514 602
444 463
420 100
763 22
414 996
769 961
621 845
894 296
456 871
611 235
733 454
0 303
996 425
15 504
187 172
943 97
344 502
730 797
882 540
727 194
857 820
712 137
865 787
565 184
780 320
656 127
917 382
831 102
957 38
462 406
193 763
626 83
562 572
542 505
604 293
554 788
815 166
271 342
569 907
36 85
731 658
284 602
727 944
126 3
809 644
892 745
403 939
140 531
598 50
698 738
584 599
948 91
113 545
252 792
813 811
122 191
693 253
968 169
429 667
196 308
632 212
385 522
440 780
558 848
990 58
69 72
320 563
213 295
941 341
897 135
235 989
543 430
706 186
586 726
975 599
905 979
634 269
614 776
832 534
183 754
521 11
864 699
75 560
182 848
989 891
94 796
21 728
396 659
275 487
196 816
611 444
309 431
863 719
449 979
667 578
399 233
727 518
721 364
457 846
838 767
128 873
745 910
330 268
832 725
167 926
230 415
491 811
49 416
400 290
492 724
890 495
351 30
465 25
314 665
754 37
614 83
735 657
580 229
394 778
611 116
286 983
830 419
550 531
492 455
828 399
151 345
204 997
453 120
430 438
2 404
167 933
124 916
624 466
638 17
206 497
261 281
688 128
566 317
157 140
134 883
83 164
664 652
457 308
179 903
214 124
601 749
663 775
682 67
389 29
87 931
500 105
431 851
158 699
333 188
758 734
471 868
894 603
681 93
977 869
440 588
233 364
568 42
10 218
87 918
309 832
727 722
774 746
16 658
951 871
155 520
755 906
528 378
539 276
233 314
509 887
269 869
48 572
574 405
625 14
995 175
464 917
655 974
68 909
640 646
603 972
425 233
195 55
400 894
940 109
544 597
292 178
857 28
561 958
963 685
594 452
399 350
911 267
630 295
324 888
495 143
514 650
381 64
470 709
351 911
849 704
247 765
758 519
252 592
822 473
871 130
975 203
249 777
737 851
332 142
72 429
222 806
957 826
185 68
461 212
661 461
72 636
29 770
851 716
78 874
455 293
323 901
15 115
659 122
870 979
257 730
15 876
292 514
403 475
597 957
695 37
83 416
363 153
74 677
780 83
463 752
10 43
822 125
675 44
301 760
510 501
734 947
305 803
257 531
508 501
495 444
828 239
992 361
361 64
182 524
384 92
536 92
257 154
168 618
178 366
757 419
50 384
874 153
55 532
997 290
481 385
945 847
180 586
812 294
490 944
762 409
847 797
872 693
483 290
521 4
123 458
365 331
505 877
221 29
375 966
393 342
56 437
74 184
976 182
200 498
694 625
572 659
401 896
823 900
352 555
866 44
729 607
796 889
387 331
584 526
51 105
835 71
43 179
698 502
735 140
162 682
606 267
510 603
191 804
990 167
905 134
322 416
57 701
898 108
80 841
697 988
483 22
637 485
89 915
922 426
265 851
172 279
497 214
256 648
920 249
339 568
517 474
137 178
109 357
760 676
305 82
322 79
349 932
311 441
531 595
792 546
6 131
621 378
111 619
512 986
676 111
928 630
228 807
991 162
924 830
45 178
461 515
370 352
315 483
439 281
279 941
446 464
486 988
718 826
785 209
960 593
571 703
508 338
838 589
917 518
870 463
49 316
572 174
650 77
284 187
543 287
863 848
252 340
178 71
997 360
310 0
799 725
222 392
256 602
939 69
442 776
635 211
100 252
358 714
688 233
208 205
366 347
490 356
176 316
617 83
788 802
766 489
126 623
492 346
859 520
988 78
70 359
604 215
766 25
828 367
798 865
176 944
685 171
833 905
468 194
740 648
850 666
945 331
987 198
141 61
573 675
504 424
377 867
112 325
992 100
349 213
548 335
667 732
114 401
19 968
423 805
217 702
616 255
15 190
592 970
793 10
774 124
976 459
940 501
119 92
809 252
809 701
912 569
897 441
279 724
39 936
353 589
466 470
580 49
409 650
60 900
41 728
590 433
890 224
590 700
250 420
281 281
832 686
52 98
106 255
67 604
296 929
338 482
198 983
552 449
654 712
359 699
52 287
150 948
856 45
175 480
311 382
105 891
707 472
591 503
686 935
366 746
595 188
867 301
221 225
635 854
990 350
274 687
834 584
261 380
593 253
255 945
600 656
328 698
376 107
41 97
774 432
73 108
498 280
467 733
136 932
806 344
650 806
564 544
707 337
387 290
349 621
151 584
460 204
862 903
258 376
778 769
385 187
947 588
284 724
562 962
830 921
775 311
720 744
237 550
384 116
697 276
493 406
694 307
580 466
667 473
830 654
923 390
815 230
572 850
473 315
777 356
599 87
872 84
898 402
229 978
808 96
229 868
352 377
348 204
495 8
96 456
422 69
43 585
601 67
188 148
809 186
815 132
963 494
977 198
488 126
484 51
715 222
801 665
566 989
769 163
613 528
51 285
264 541
698 432
854 297
924 948
605 67
916 841
123 734
576 189
984 235
155 625
961 77
572 316
991 483
814 606
406 865
878 822
294 439
608 573
110 960
395 465
60 765
144 427
214 200
287 697
372 321
449 5
267 901
351 67
43 969
274 615
850 99
337 557
408 994
806 943
585 185
337 747
806 296
507 202
884 531
956 451
19 593
175 413
224 878
385 720
635 769
165 221
930 951
914 41
260 862
267 799
271 811
702 347
243 61
862 751
29 647
554 449
109 666
795 507
848 496
242 802
422 426
423 648
853 235
587 187
92 683
79 811
377 262
139 992
188 746
40 33
306 100
214 358
34 308
999 823
899 140
730 378
181 333
217 745
795 41
283 554
799 834
123 445
638 466
431 970
336 33
417 840
401 403
946 327
275 55
154 263
194 649
817 743
526 400
506 239
748 49
834 925
870 226
621 916
598 816
754 57
567 609
322 509
820 139
597 701
295 691
820 837
316 559
48 368
315 749
338 754
849 329
57 319
231 579
839 753
522 471
20 677
657 267
298 246
755 260
999 153
886 777
518 232
225 790
342 112
83 523
905 514
849 779
462 541
340 694
296 658
385 183
886 47
423 862
897 797
860 750
568 474
745 408
607 48
785 119
427 908
814 706
800 0
4 550
211 841
68 273
441 489
731 104
582 910
408 10
799 1
49 730
961 913
655 321
647 422
541 857
768 22
845 843
854 10
395 978
432 258
632 734
440 709
944 410
518 922
236 767
428 51
761 407
369 892
95 114
758 440
652 84
907 500
534 365
627 58
372 256
931 288
734 908
391 823
456 222
790 620
372 277
737 345
229 253
208 581
692 893
341 424
382 1
830 137
956 344
655 472
801 878
702 723
664 556
414 605
700 227
492 979
62 581
669 525
699 532
454 307
459 449
682 637
683 278
952 826
268 516
755 698
786 182
456 36
885 852
683 969
947 474
754 735
500 766
392 511
341 101
596 118
110 126
7 976
68 773
122 129
423 554
414 770
461 496
569 370
653 966
472 842
733 897
967 176
173 776
931 13
338 335
649 991
460 773
652 184
952 669
139 533
70 161
896 807
860 890
394 493
489 241
428 825
691 882
340 214
986 732
828 665
498 506
661 949
349 772
959 925
295 471
227 830
592 553
993 561
30 222
26 806
904 54
95 836
500 676
151 50
201 912
925 106
646 662
984 488
762 221
490 951
49 602
18 300
301 634
426 809
987 731
89 571
586 763
601 277
920 575
482 659
460 366
462 712
973 844
11 136
145 912
724 790
215 533
224 208
94 765
922 870
291 961
647 782
543 626
59 659
191 92
740 25
994 910
573 43
263 299
5 766
764 571
37 579
208 563
342 297
650 209
129 352
399 201
924 423
216 722
4 534
537 690
389 85
988 326
252 564
580 475
694 713
123 696
686 317
644 345
419 711
249 390
415 631
846 417
673 76
580 388
884 423
23 465
438 702
377 976
442 610
589 76
430 185
348 118
286 348
163 449
711 202
971 804
973 36
8 531
773 455
659 583
451 93
392 577
566 652
288 811
879 629
864 903
182 766
561 317
477 233
102 354
355 347
993 708
74 853
134 903
808 647
917 466
466 928
348 779
517 271
764 311
540 733
455 467
485 881
393 118
971 315
652 716
493 433
537 588
774 717
798 683
523 308
443 328
40 568
388 941
763 784
722 412
223 915
458 56
387 304
316 248
89 914
341 847
823 220
781 583
857 897
762 665
789 654
508 838
629 414
903 194
697 565
388 827
338 6
431 334
816 654
234 331
166 598
289 836
168 844
725 818
916 602
425 200
438 902
944 350
194 913
589 183
126 464
577 475
77 246
816 526
5 872
956 119
162 855
721 938
129 10
415 982
653 193
524 472
454 395
143 223
29 945
86 813
178 105
665 924
806 804
692 287
841 111
585 100
493 822
572 769
233 837
21 12
399 597
794 370
334 21
522 265
32 118
114 669
485 742
428 767
279 606
460 233
28 964
497 67
295 490
258 282
687 989
486 371
767 150
674 556
884 869
56 852
34 425
898 918
552 745
587 450
687 174
630 252
782 966
277 443
241 995
723 427
198 354
394 164
127 181
111 344
594 225
353 609
612 113
237 833
946 369
477 543
70 843
868 81
600 926
523 509
34 794
856 358
803 469
2 333
821 849
334 190
240 331
5 759
901 726
171 596
347 582
394 758
877 446
269 207
809 538
453 127
411 621
520 2
360 909
461 176
228 306
25 188
316 171
85 966
340 88
13 65
171 249
26 373
906 741
881 838
537 580
251 483
986 622
667 224
292 842
251 60
25 104
911 204
136 775
912 822
244 264
378 903
779 560
774 558
95 466
553 70
937 371
307 320
681 445
137 759
167 292
996 258
414 452
176 341
131 321
150 368
402 493
738 614
449 141
325 512
972 948
860 256
591 631
143 598
319 280
667 582
561 372
673 912
961 997
876 911
565 632
631 523
176 727
805 23
951 968
239 195
615 380
842 747
413 545
182 278
156 489
184 664
619 665
120 920
836 99
892 939
463 12
500 311
453 70
755 345
829 359
588 503
298 953
683 263
618 40
728 62
161 63
272 834
748 219
83 257
191 158
855 7
160 917
827 604
825 395
453 628
945 572
109 181
596 242
840 780
215 268
526 865
213 754
227 486
684 498
954 115
120 454
141 21
328 260
263 347
468 829
514 480
725 278
617 764
373 458
248 315
706 109
694 236
168 34
594 739
444 7
19 847
793 924
215 253
199 8
277 211
167 20
195 342
264 709
488 300
765 766
563 123
781 220
122 848
154 456
740 633
235 161
224 396
33 847
275 285
693 753
638 716
361 984
206 276
979 978
291 918
901 704
689 68
927 904
737 982
524 179
729 360
208 232
424 266
905 968
35 151
27 880
547 510
402 378
13 692
876 187
784 689
276 263
938 694
593 217
28 21
476 467
201 473
942 620
59 793
855 245
158 122
816 139
971 730
330 833
151 278
989 282
481 996
130 51
671 586
521 735
474 61
804 353
757 867
970 22
466 594
141 416
581 574
236 780
343 983
882 909
788 472
853 223
437 802
208 820
271 239
521 451
299 527
796 620
980 470
982 261
132 356
866 376
407 380
256 714
261 509
505 814
317 972
932 64
653 440
477 643
771 477
96 515
607 66
866 772
694 635
169 505
801 55
263 237
332 346
483 166
583 5
7 221
600 113
187 823
63 680
385 55
145 676
679 10
534 798
976 17
35 896
891 426
601 819
738 120
500 530
133 735
908 581
37 568
759 456
913 459
245 209
788 872
35 869
708 893
729 67
69 339
340 551
964 889
445 729
861 768
727 892
174 901
357 135
689 818
418 215
638 516
78 443
574 886
384 383
329 741
903 882
257 147
480 575
381 165
547 272
943 517
838 542
735 296
640 778
677 176
639 280
682 763
515 711
728 682
488 762
133 683
320 609
901 16
783 249
237 470
365 720
233 719
464 290
678 576
935 639
640 844
840 530
454 551
651 163
241 587
284 918
145 814
789 26
752 666
161 395
204 900
363 593
577 294
885 911
573 494
73 268
307 756
996 941
209 944
189 193
177 25
611 196
452 911
548 149
290 170
143 183
27 144
11 492
505 491
973 557
708 409
863 667
269 594
755 322
235 606
820 712
65 797
829 123
101 92
303 600
275 455
352 925
633 689
887 535
496 165
545 853
225 497
287 731
141 878
614 608
844 57
765 57
800 317
26 571
383 911
894 93
508 80
524 795
269 831
302 613
159 253
128 981
582 654
603 285
326 822
227 999
621 474
218 995
686 875
835 652
775 647
343 395
971 88
963 91
170 570
920 75
884 441
898 423
226 881
114 327
613 668
260 287
149 360
490 766
419 398
487 295
375 140
596 226
427 924
414 932
741 171
14 467
177 891
80 91
821 1
260 691
876 527
985 609
588 651
245 866
631 471
182 27
822 191
124 947
281 246
388 222
400 769
551 555
629 914
832 903
864 206
274 121
938 528
184 787
418 100
371 239
539 284
368 16
372 271
727 469
502 101
173 233
362 220
987 85
249 598
116 509
449 625
155 719
143 701
411 775
608 34
261 150
62 455
278 238
129 172
102 536
747 465
985 334
283 269
522 977
131 32
628 876
746 536
967 175
923 320
905 589
132 253
90 14
896 240
886 918
886 254
519 940
383 851
593 428
579 794
756 61
669 791
262 244
43 853
582 511
247 608
698 483
72 829
362 879
386 413
642 751
354 966
892 201
59 577
996 451
875 965
138 51
558 531
700 622
10 704
425 906
746 926
775 499
196 602
877 82
259 528
114 657
717 531
820 536
773 949
914 123
746 645
915 898
279 708
37 280
945 375
335 709
468 816
302 172
726 301
964 621
418 560
468 492
767 909
456 944
887 791
27 429
256 963
624 819
142 898
905 356
79 116
680 122
317 992
97 294
224 573
726 954
90 373
722 33
721 964
287 161
520 413
96 704
502 293
103 220
901 14
776 722
244 886
476 968
526 77
32 298
185 603
571 281
488 351
763 319
82 817
73 732
704 857
688 332
147 869
610 855
779 959
603 440
969 749
348 311
710 584
297 679
570 237
811 744
766 823
776 830
850 418
646 496
520 722
387 482
766 514
392 83
193 54
481 584
653 665
391 255
461 71
310 701
713 181
823 361
715 404
375 54
729 346
526 125
551 784
425 160
498 821
257 529
973 393
962 753
840 131
693 273
204 588
886 588
536 298
470 795
847 790
530 208
240 798
642 867
773 435
235 872
228 588
982 447
233 2
439 395
770 706
230 884
337 190
313 693
926 300
576 662
779 69
8 67
534 63
705 91
834 60
280 770
446 585
566 623
476 936
918 239
843 430
755 888
862 510
976 495
739 36
382 762
133 346
289 823
307 646
723 907
958 570
32 124
719 851
857 64
607 811
553 819
428 504
635 69
194 258
481 562
32 328
814 112
911 700
206 700
783 410
673 77
290 461
299 648
735 171
551 538
432 100
983 785
524 406
886 284
974 292
534 886
924 890
146 751
9 651
134 731
915 740
833 377
373 750
170 309
998 255
696 878
313 890
297 561
3 978
276 812
177 627
895 572
247 50
297 319
113 391
929 195
86 226
221 941
696 852
388 579
261 337
933 19
561 877
821 785
386 276
886 797
171 423
714 650
993 486
564 801
849 825
863 988
584 718
805 483
273 575
337 42
243 848
741 745
0 565
245 979
856 290
482 47
476 825
849 522
283 808
161 459
992 264
113 654
17 983
935 194
530 79
706 475
200 725
120 736
863 938
737 886
813 862
123 819
372 536
59 996
676 39
58 535
190 988
405 794
242 69
509 106
458 564
469 397
717 910
703 777
21 21
471 786
585 143
70 192
148 404
840 678
4 59
823 517
652 998
134 599
450 41
310 44
977 23
340 376
241 805
89 19
98 277
737 823
981 565
373 166
979 237
297 314
715 53
14 3
136 268
577 757
633 890
890 351
376 655
702 996
987 33
302 958
238 987
438 366
327 168
198 717
569 812
492 743
146 339
729 627
908 104
583 860
679 608
129 259
566 676
660 474
126 659
470 962
362 965
958 238
649 1
379 38
502 288
11 885
336 639
78 764
696 1
905 5
197 931
308 712
179 991
676 49
383 633
18 968
869 69
97 575
819 287
996 208
643 153
262 173
773 929
176 382
162 392
142 863
266 228
514 846
247 750
72 601
296 741
440 335
559 514
0 586
19 698
63 43
695 151
827 374
985 439
156 937
436 443
863 778
870 930
35 262
355 275
679 51
864 790
514 183
936 100
234 158
803 467
670 904
162 323
884 416
373 779
748 654
157 516
818 910
770 981
944 983
869 22
426 453
383 21
400 448
553 956
663 611
162 616
544 541
341 772
496 355
111 996
687 260
309 171
905 500
628 853
352 458
263 517
207 745
661 528
152 99
977 577
496 569
128 379
886 900
622 922
143 248
457 938
261 651
205 950
563 571
54 619
379 893
257 274
120 374
