864201 120
1000
282974 859710
586819 728409
82860 751663
763508 126779
638049 414584
791403 252426
39935 53662
795776 550543
59981 830859
986825 393398
909207 454734
587493 21519
247660 911896
584501 801421
339038 550015
662237 714314
924741 683198
696456 657985
344956 873715
952482 296851
172259 995617
386203 77059
51483 831340
589418 694458
102285 488799
424520 20995
122724 358185
779313 840656
739214 459867
996775 985971
540095 709420
802671 964262
118637 897077
802961 79684
479637 166518
255644 400973
984565 923599
760224 810214
526864 328136
276018 262743
734445 181449
864491 499979
171928 890402
173033 491731
209824 518533
139341 487652
49175 707655
409468 892180
170453 742883
443358 67809
436022 317110
584930 739498
931479 865732
633912 144051
932253 254002
856597 738790
241454 264586
14643 354637
283829 939962
898638 482137
448994 257685
856104 978142
154536 643344
399621 306132
580734 885830
924784 58648
931679 434933
433589 73257
977290 778367
820965 814059
757250 982122
314389 556775
964494 231008
769054 743433
273082 458800
451807 649377
997013 241099
400439 585955
609457 685895
582667 724135
834727 425120
933318 753513
961488 796018
699988 744330
607436 256256
15718 74701
749631 307377
132209 502299
38287 283661
950190 615999
786280 28100
171996 752107
719672 980071
790970 510962
560243 191533
979661 427083
638352 169776
294112 628564
180041 930349
65407 359885
509023 111880
77819 971737
163477 915205
414633 960129
433008 867408
431715 628976
258621 625142
346181 371255
921995 552746
351345 364299
247276 348481
307660 265794
896889 692278
726398 961178
767883 265575
339126 46130
74819 797974
738468 198095
958850 197608
388413 438553
852401 692906
812923 464155
455291 252231
865818 443142
565198 417299
325660 583918
537822 126723
857798 912908
938722 991347
190689 576570
914773 226591
730618 119930
479350 787498
550562 713712
735112 286234
564462 249763
445907 943705
473784 484672
836321 547510
693468 415127
868994 66338
425340 744156
415113 734068
131453 203815
483404 70373
935752 796148
645735 577045
267530 639844
49338 676228
816372 362235
240295 473177
278459 895904
686677 7775
22425 443999
871408 794115
811722 425706
722406 33943
442192 11476
667563 21778
687600 237653
558454 411086
1843 902025
213698 362889
934310 271601
112846 434660
517594 865968
835933 558887
190884 107214
398519 659387
969566 204793
641190 631854
682340 4672
344378 963379
727513 890198
75654 610847
459039 977493
311392 460974
472162 798136
829413 933947
541326 710687
335026 797451
333652 211279
255852 962883
96746 482608
308857 400173
398216 188621
308485 647928
973739 517591
122494 70005
867797 106146
894297 650267
280203 824935
638923 197955
734166 981057
888208 393772
931267 606128
929383 419576
536675 398873
297555 620910
72971 81795
340444 764726
51029 354075
361804 633120
251422 218225
396915 987165
302534 102969
420324 502404
933875 363723
991861 723407
98254 919012
473347 245723
845892 55587
898156 301228
629190 625100
256338 78310
117129 806216
937375 122261
77639 709539
733948 880166
146749 106701
105624 899308
249323 908442
462247 526492
494615 889410
983840 393809
57098 763425
655294 256136
293585 237176
296385 651621
493629 843498
170666 792237
722724 16768
807554 685130
727197 616358
818963 386762
956360 475244
472237 35232
482820 25989
504675 957858
831735 127371
211595 776265
121034 654649
763778 70068
675370 640176
703974 503013
382664 401971
641626 867650
837850 604650
176197 509461
606744 943843
882707 726029
584384 726156
882931 868987
10450 532667
596119 142550
388884 470502
591415 624119
641231 992619
553486 361694
89808 87305
525211 586731
716072 302117
524322 281509
531501 274183
605929 496183
675959 828314
110139 504046
237603 51119
80936 993724
516436 94394
561475 610424
572781 634196
522211 628380
53272 357623
740514 130118
773826 393350
850913 831735
461532 587010
109826 734231
931740 588437
340909 235631
563450 503051
663244 690925
692339 606548
433550 73188
886218 56452
491495 929161
329474 470868
65551 625015
604581 576478
880831 202412
545920 795620
680311 968394
606436 859785
229883 20439
622503 445910
512657 562173
493729 826039
856772 38155
796144 634172
811812 806193
806900 148249
620740 87432
21651 818789
73659 928328
376566 870239
287332 761105
20426 741412
52317 117667
17409 150138
735948 144805
10062 347977
519253 64289
933292 444445
601509 291462
86936 807397
102187 777253
326738 184119
207129 553013
460385 553418
951399 792784
911180 638266
359057 970547
5409 264903
489236 65090
176497 785942
437621 891393
422738 812527
775290 291676
449436 440957
320750 983264
680045 578449
934561 438784
840933 344544
505638 429009
223722 320768
174356 486734
268134 23983
309126 310932
898180 150476
934171 81639
814134 206172
289718 637676
736626 769862
808958 426093
130160 599127
237152 484376
829806 288320
257352 906560
102252 229587
197100 439066
728624 21385
688321 761730
714500 46462
333187 141236
458675 55091
459122 718995
385679 213132
884687 543653
963886 885712
681828 65684
24168 374380
286841 486767
327643 395312
30047 52263
979880 213392
555753 992978
448691 994852
150382 825772
8870 720552
170697 713297
230190 28989
31001 950340
253629 259366
730305 657452
843399 818444
182057 547921
334597 283067
791611 108067
192117 451427
702567 395060
729687 751767
875679 534393
217777 239377
119196 673932
246989 606508
276119 410093
297398 958377
63697 499900
259902 6443
586059 97345
557499 577531
185870 371429
118278 460164
53093 928310
719482 847447
457054 869095
503291 701609
580045 364877
85228 565969
303561 434339
994615 539658
420397 817735
508106 186615
279832 99195
293396 58266
191598 716453
380556 853659
105300 461007
930218 40839
606903 993959
904236 567503
236102 614208
601363 728965
350836 129936
654563 16994
498551 298480
60263 832515
330636 205279
574058 173607
942896 426495
869759 900083
857640 118486
604537 233774
285114 357391
749812 211845
98930 370807
754059 150856
856478 237120
765599 364459
524947 192321
749975 755974
536614 645363
83930 482774
556339 65590
338006 834874
945561 481290
467261 737398
617595 796055
628867 866099
699585 162725
846753 33981
546965 861156
161493 98948
356903 534374
537632 713179
591529 919072
392134 712700
291860 460397
274770 214659
602402 214538
133775 263982
160401 115547
585296 656804
526118 65637
46761 55402
488103 312274
261619 309487
897056 329776
319372 63746
142112 30514
179029 142486
1401 608813
920562 92805
81923 769628
548685 109706
203545 946525
653012 265477
797722 592562
737463 527931
294569 815809
803242 346452
425390 484053
898345 238235
277651 904538
748527 574722
207304 13092
653950 901275
722304 711017
780698 10272
286898 71234
754573 864811
422232 836591
864357 943743
113651 414928
311090 909757
591941 237740
22217 192176
318421 733806
576515 441538
591407 720803
776638 836740
798370 250109
645275 296362
826880 690259
928382 397325
781537 378911
253202 791015
258016 417214
658370 981786
362908 115060
684033 239786
191737 646693
2947 608830
232349 648925
902402 116771
121587 185097
87226 492489
16939 639292
436780 687236
311928 242731
324575 400524
518736 973681
155674 287869
672176 595084
656364 363288
201942 290398
282789 518528
761477 280685
530970 786238
202244 687139
552932 758974
519455 628494
709537 39760
744997 31521
482866 57639
165096 65138
543932 40861
2304 318842
834151 134573
199816 811352
343522 704568
218144 345486
477853 234305
493417 16002
778829 571953
68556 590079
143979 733907
174259 694001
608117 67481
55695 708717
316332 368085
83664 882086
589461 285185
446896 748345
536184 163320
70249 380770
890340 82234
167098 879813
536233 377900
694694 200934
936924 126422
486324 195569
86423 165539
978416 183795
725494 610340
65449 461790
639387 180622
581425 791817
783210 147191
631392 188270
912398 892829
237137 89707
235698 493599
247652 969281
878921 911106
524026 664024
340807 44653
47484 569081
560038 768749
415765 290194
415714 873010
324275 179254
906365 215056
153098 61915
555708 776191
197521 552858
717095 438876
697858 243314
822413 649254
144542 790468
119678 746305
252071 292888
819919 882934
390949 42584
273818 252977
276322 337680
849531 35906
501614 693492
865876 583261
673563 1434
142794 69530
888193 178747
207109 308597
291964 759991
244 501263
334185 736206
531335 932907
864557 450663
233075 960562
27822 403917
241266 344047
761879 86380
178432 556244
129305 170393
697503 955316
821925 300744
596500 650630
969842 251347
368807 500136
476413 726842
146791 192154
774660 654109
530212 208639
662282 81604
6323 944480
934935 233112
215278 376936
810677 56039
620273 462376
290164 252707
611870 254421
314086 130212
167066 171717
964452 49954
42702 616886
700871 318395
73254 842375
923887 599667
256277 226173
557312 189807
947408 920512
392672 728889
924430 301851
736891 74175
46095 811263
484287 895700
50386 329344
689696 538350
306717 555863
91989 361894
643768 7326
21785 223227
432178 730967
357099 666575
598555 457446
3150 227688
121672 418898
724682 342065
734803 325448
152233 420790
937304 919384
455931 742188
844409 810870
958034 141926
534747 768570
977223 996769
452711 647584
998963 640697
677578 174025
404407 770161
730357 669305
451701 685040
603485 72215
301972 572095
448124 312111
668479 243340
511886 500659
702439 278121
757782 698358
709629 615117
126486 871088
482617 203346
66394 895933
176470 559413
44398 576542
279699 633754
131939 550838
537971 885702
36943 124749
486334 494499
663369 488209
390782 81663
918001 867025
779459 363661
232678 138176
568287 923746
719118 766392
599147 624697
467666 120820
462272 23088
357342 701332
47999 378249
193894 148829
189514 350058
538972 115639
972488 658269
852283 677101
721061 524497
423231 441840
588431 462039
770986 274645
846842 952741
567617 179602
90077 880983
740173 415173
93363 247849
292827 265389
719292 319742
176764 11247
27833 762716
234438 909522
350899 227950
335633 146819
919092 231232
180282 458898
34444 9095
99 260147
432206 219095
522929 602942
165072 270442
611789 975024
957103 951136
288292 178088
754888 528377
849511 952874
157888 234525
549708 387168
69310 495316
786635 178003
258923 890255
40353 435638
638393 22749
799760 61148
134169 108854
990813 984189
368643 153204
887313 161333
95346 788949
643001 528005
239269 99963
824998 475792
254304 229676
674862 43103
441961 565970
386473 994334
811403 822651
503220 28573
197590 502874
300081 770127
932957 177156
421446 510094
448118 682612
17113 138261
673534 332105
69595 70917
56659 241219
495162 547617
152280 387209
985708 973329
575284 130277
115755 940003
738899 965766
308788 846149
712739 534077
43463 338701
8089 382465
953450 811377
740522 813163
635430 816399
978130 762746
895752 999527
677136 730129
794785 631515
959016 828340
289287 153014
641888 600719
154706 687522
262211 965487
646432 286832
728609 71302
849041 438804
656141 66667
92235 224871
892381 926616
766519 52899
466478 815530
127170 330987
368670 358949
58653 872640
881040 499246
593406 94412
738475 77070
864541 886043
569563 452150
230392 840541
432399 903925
430863 432230
971705 313028
66792 333039
1937 416763
944908 672722
356051 705817
170504 903185
877628 938687
853485 631695
426641 700213
98001 853
320599 616933
278284 230479
435996 447643
118652 317197
9389 743563
292289 121475
407774 185547
178625 345097
243206 644948
877029 797211
158143 801349
926299 404505
36010 744480
66770 14153
333673 972555
737729 618896
577124 291921
402464 200829
447173 64479
370284 276606
267707 274055
379240 595561
842043 766976
815383 666485
220154 41763
171395 923262
549236 852656
444537 209348
89321 583495
763531 527148
895706 645104
684748 356862
703824 39763
523543 914597
785046 308097
511305 259378
805242 410281
907202 824474
915472 947427
114601 390707
247983 770217
806373 871675
173810 241561
926564 321617
422392 307701
633303 14138
673124 184866
478388 943133
957917 269740
76595 414983
187279 857089
512338 111209
299497 121586
497554 656661
899613 11253
166839 211588
64676 885349
21131 727634
475895 881792
924379 805184
572055 589800
8057 37554
194373 811683
655992 902447
508490 296731
833524 2020
254193 167327
518855 412769
648904 93664
329621 257050
519011 156533
140033 141671
548441 780695
206965 255172
368325 741734
695967 351890
824902 237410
21550 460436
221439 445426
525209 85363
362584 981729
834392 196091
247035 347932
914345 418652
746520 60661
209228 172329
475745 66595
736776 492636
119566 962560
664676 698960
660827 306889
89006 747078
642885 434338
199736 902369
425873 658320
442198 656362
152581 541372
862881 753868
588781 197623
992631 549913
946391 356336
564344 635779
483415 290816
901002 334052
427140 226975
465559 355190
651641 951723
314634 551452
623573 458216
178838 963352
898555 657595
324270 915282
999251 299182
637262 951767
403143 339952
832305 270360
895175 953810
352472 760999
18630 617546
529418 383165
547194 21044
14926 30583
749472 245708
917042 747476
759861 961973
937992 896441
319422 955701
155044 549805
614337 935990
545119 758301
362890 672967
246039 123225
98983 248793
305708 979925
236396 242947
437829 63337
742320 561599
331145 577810
137998 83242
362855 119023
42469 595720
182798 614916
787161 634685
396213 285882
591504 505557
411156 802333
531061 68285
831145 740637
173432 418887
331829 846478
517515 879530
205756 209831
881639 992832
999625 894279
133445 717831
466983 442283
890662 56545
403817 591482
565772 341843
822499 306105
637374 140873
496302 931159
305032 841233
168680 4003
674872 466460
336178 84112
69154 529792
780272 387512
973853 731512
739085 240086
38213 524386
745204 751562
392247 783296
504408 732249
599447 878776
576045 613291
275789 762836
291116 848587
731331 283651
324371 383275
146345 963286
456483 751965
77042 831172
103904 944539
108116 183718
68309 10623
865676 292667
104397 386764
507736 386981
670491 693987
737467 128875
900499 539471
