1450530 3
2000
1147116 1684237
1716378 631757
1421741 671050
347826 343061
1281990 209993
618844 1886889
513085 1261572
1380944 1499361
1859995 582231
521481 1248443
1441389 1623425
613190 1093211
932292 259878
1640715 1062278
780342 1718991
1662237 1444902
1836251 571751
1207690 591049
389840 1325248
1818655 99746
572215 18445
62447 1566727
1419317 746341
900179 292721
721523 71495
1104229 872447
499742 1329808
655107 851827
1317352 1220998
1655762 792499
1880836 1025617
1304761 1285321
738733 61820
505058 108900
1327136 732281
766140 1007189
466461 1822874
724731 1374227
692202 720409
1664023 1140663
1454416 1256465
1728969 944129
168220 236930
307601 1108689
53151 393041
155570 434478
1610159 498757
1612852 667843
117924 314379
1295202 1945053
1653211 1886004
1199306 350318
1629623 444210
249024 862477
1706267 817758
1507674 1373556
575089 361589
90485 1194241
512166 486934
69295 1573557
799403 856645
1273067 1443512
810614 986476
572880 1102675
1810303 1379413
1442762 1079412
293699 1089713
199176 1625262
1000261 1961492
1876220 866230
162952 934646
1152734 743271
1834134 912947
1947177 1878463
278524 1447052
875549 1389536
1887179 373029
1714107 1688208
694041 1666309
1128268 1849913
100862 1991064
1679835 466281
1514136 791472
850870 233939
1937543 719232
864497 53709
630641 1778976
1644514 1532368
631679 923020
468390 1075963
787806 940709
1023259 437009
926656 217390
1213668 392566
1838296 532176
433001 1467061
1612257 1979542
311252 1867389
174232 822898
576788 1707807
1032893 1145654
696286 526098
1165847 1243548
253095 829168
769645 534463
1465899 1746422
440333 1073183
1755626 215176
200904 793633
1179557 453930
956404 4621
339557 132360
915817 703118
1027829 1706991
367877 947254
940259 77777
110376 1823479
308867 268870
80184 215467
590700 1433221
1668127 1884940
378360 1703535
381256 857532
30536 995077
875301 1213247
267582 1485549
628652 1845245
1463298 849137
143317 139713
1394558 1939967
848798 1614396
1308514 778026
1124615 1660802
649248 655527
601367 334347
487153 810449
1863125 1299764
1467726 243750
583631 1939772
1102967 861896
995734 300487
616688 930429
1643840 469854
1962367 1407024
1066853 1807469
241072 1413229
1816355 1058500
1003857 1756265
1158427 1865751
1239286 1830775
1207153 416382
903542 33684
973519 1958134
1292268 215900
455522 222429
930871 505490
560092 1617274
1383930 247709
1944945 1959027
1179292 1550853
881626 1302356
1530058 1424122
1152469 1886351
881136 85581
1748642 1820663
746308 506613
387591 51395
618939 1277196
377678 1289490
64146 1919056
1593282 1624801
288710 1456930
1692214 1727638
692764 112010
920317 186873
128538 926513
1283443 1183669
1989260 1172453
930418 663644
849280 11673
1138654 1489760
1593162 347874
761498 1216027
982529 1321083
510609 1146056
895872 1141826
1909934 1610759
614246 1694649
448995 1323485
1525398 1536773
1160614 1015601
1173176 1550067
1636848 972241
869558 376814
1858236 1828715
1942464 1856650
540814 220052
881480 1733245
695657 298693
1471879 1645472
865240 1103832
547958 1070834
488934 1236239
1119702 1196181
828454 743182
794409 1693391
1948587 1618524
1520310 1022731
1573905 1547366
1284617 1865301
860403 850172
1559152 1970914
1119858 726226
1541119 1656966
1433909 1994881
994317 1003067
347491 483459
1602869 188577
1667626 903994
230358 1962360
1649340 1450345
1658644 1508135
1751629 976441
207444 652473
701718 1628854
1500100 95707
851413 825808
450512 825696
758859 1805659
1363758 1071805
741180 722959
503124 772621
733811 1349384
799356 599949
510779 511175
1234727 1931553
1944935 1527215
1592087 1395406
588235 1085193
791763 301374
596416 12416
1588519 411711
1304868 1217446
1808545 27972
1319640 474606
948629 564194
969920 1778351
1110170 1823444
1897414 243495
142987 1240184
288856 1809270
665224 1155536
1283558 467871
1314418 749058
1256165 1628170
250994 476889
218318 727045
159346 1547713
1674399 1003454
1971618 1934286
859865 1750986
776309 437558
160000 391970
31521 347986
1039263 1350177
1331875 246690
939329 1881479
1777337 267334
1212409 1679481
1605349 33413
509787 1339902
604529 121290
1226240 534787
927974 386210
1292550 920281
1014547 1088831
97166 1536434
1824652 39928
901052 400935
917160 1985607
1425723 1157429
1743491 645321
777014 1467195
582394 435650
1729376 1688829
3505 566550
1870189 1031588
157072 864081
1493143 632252
4930 1792800
1854746 70837
456501 633558
1286583 36195
869148 1610472
1991477 953982
985712 1307249
1276764 241315
1666155 1981871
471160 1442128
1432331 825220
1397084 1061228
487573 258678
1603548 737597
1814800 1995439
1997265 114927
1246150 1469309
633369 1561236
1311686 1201747
996757 1391775
428644 1581895
41514 1796840
1852216 1768210
70592 1705259
638875 421651
463814 1364232
614701 1034700
1154348 358020
220114 1159011
1757799 1466759
1769904 1726114
1919728 751965
554418 1818744
225734 1840053
276360 1041270
1712743 1191845
1894693 1424595
1479771 1227427
230208 1489897
1728937 1690253
838867 1131189
1884256 180771
365343 1045978
707600 1468424
740134 463263
503886 847684
169392 1032429
533300 1765316
821447 899282
251998 949337
323258 807296
582254 396469
1708958 1367118
1672840 972657
220104 336310
1017431 1864202
1592788 1440854
576518 1328223
176161 1500527
826184 438581
1764819 156265
164945 1166899
1391440 1460301
1307099 1541478
1726148 62665
1647266 418238
1830685 1398320
222184 1140751
1238031 1411319
9458 1907218
752016 763577
695816 345441
1504605 1382964
1081977 1399166
1674612 1354
423317 1352652
936472 558849
297905 1749781
739409 556932
1437991 768386
76649 998815
1558483 1156262
1655663 1937990
1868311 301300
326328 1718287
718296 1292868
1315033 1122995
1963262 1502162
992046 310289
1346936 1796159
1840471 518188
1904566 1061006
1785397 206888
1888941 842664
426225 1312336
625495 1079001
1633782 1349011
1087280 278736
494706 1454723
1324858 297123
1730009 363861
1594362 144585
931170 1961699
399736 220318
1160328 1983021
1183939 1555042
1069322 1462483
279531 587706
539499 718109
1951621 930734
1588339 533108
899883 873385
974764 1201254
1441401 1232125
1533797 314661
724113 117084
634419 933385
1506712 364256
1265259 1678345
1862455 1527300
1920170 502470
621595 1809704
1588301 936193
232564 266897
1024505 243232
911098 327782
1670036 183085
138212 305076
1412425 1308246
292207 1032427
1194505 1412334
627293 1309920
599813 1456491
112627 76489
661941 1050342
215289 1413828
251988 1377566
1438782 711120
587745 318581
1058322 863057
1634719 377713
1303114 202128
1364885 885565
1282496 367545
1785616 534693
1311441 1720284
1300508 1125277
473693 1807597
861711 1135035
1208905 1704388
771710 279993
1764224 34462
1442502 254836
189806 632858
465540 1676143
1838468 1331900
1225757 1960785
1319351 262125
90679 206050
1105153 1205241
877246 543762
699743 723087
1541216 1567731
389969 1643077
427921 411450
677724 494098
1721480 514242
181003 368338
1132224 1637000
735850 606278
391800 1127216
1636490 1175441
1616436 853631
1531649 658364
1293369 890078
631270 1099570
612885 1279838
869977 1503941
1855380 930222
1724793 602663
1867852 1847975
115308 1976306
252051 482625
842843 487457
1357827 1386395
1426547 1883796
765181 1506807
1601509 449168
212386 1849147
931046 1568701
1247068 274417
961968 1787430
1481171 1629767
497023 603837
1443577 413712
1557 810196
1061247 1141826
1981495 399780
274013 878710
431022 187466
1401038 1720940
64455 1432005
883153 1761540
1334099 1885434
734506 1180613
523560 944048
1093598 1592665
694302 1593364
996795 285839
629010 577846
1640397 1113305
1221350 1971211
1330666 936651
1455359 21865
531624 705698
1376198 570765
319585 1837755
270632 437016
1494070 1397399
1786390 1440014
1041545 1756510
613510 113878
579457 1356504
494832 405309
884490 245877
52305 815475
50642 1506375
1808171 1916939
192590 1928323
702979 1325312
1632307 1315076
187874 712363
1307133 214472
282837 1636430
366571 1255281
892269 334732
332160 1699524
1996224 1446126
1354628 1784621
545126 1809503
1128706 164794
1367292 114353
1592520 1530140
957221 528535
1530089 258345
2564 1114536
1997758 647004
645187 573155
1751008 104403
1240335 1915301
1461424 885840
1278361 787636
1592016 69561
294550 824248
1903784 1765913
379712 1567420
416865 628124
323412 1157810
392301 1833367
1638034 119916
46845 14845
1327424 1276964
943497 1560555
609831 260341
1612236 784669
969876 318175
652230 1183606
1466328 922439
760760 1952381
284745 556532
552747 290778
1062079 702611
1831658 1528797
579736 1889589
1774339 1768056
585012 1971532
114761 913216
669689 586929
66133 230512
1645136 1383585
1709825 683749
108966 1068219
549356 1454883
67308 1894275
947449 1885134
399256 795235
1271247 1832370
553762 1292837
1455450 572348
873736 1236090
321992 1900415
1728842 1720694
721678 1336497
1845102 1053713
675553 1293995
1592189 1368615
146109 1828587
1735812 1609593
1092194 414357
767509 768427
1249617 1952494
1269315 476228
1550931 130912
1714601 745648
289139 174970
1742052 1891265
593407 1378413
1497108 1663658
1568394 317839
1753695 143875
713325 80604
929646 1156168
1901122 362608
555631 236122
1506664 381454
1127441 1152764
1382018 1434012
454667 1095511
1790071 194341
1132437 1691382
1536627 1601110
215276 895435
320741 1580673
1388755 1209000
757119 1578525
542349 1028423
8762 822083
1067748 860355
1419087 1410867
625957 1720348
1169726 559437
1083682 116663
1110347 1701273
1736366 1739868
1136124 495551
644644 429750
1647389 1770895
956769 67543
904124 1837051
136390 1602865
676525 1404824
568375 452510
592902 404129
868894 455000
696100 1492468
382184 640386
775717 374802
690183 848669
335852 232867
1166446 1417364
1228193 293360
697368 198321
1701422 470632
1567362 105253
958787 916379
114861 931204
350546 1113922
214173 952262
1405331 470069
1743068 107336
275202 1037811
1108343 1381321
1880924 459294
715776 69101
1460902 1345276
1283082 954429
780326 1290359
1916721 934309
159848 1180318
918031 1813493
1745978 973218
717128 487649
199728 1223130
105343 1656705
184993 1212863
264158 586962
1696551 1939696
823955 1285938
1893795 1047600
1826381 390248
153656 293731
373827 1880730
1610827 399893
1460909 1565140
733321 445683
681161 1151368
946657 159695
1931863 904201
1332102 1749536
1988382 796558
665582 1640320
786661 1614902
462165 277420
1702010 883070
1412667 218632
1998511 918476
384226 763544
1743960 351464
1331537 658440
1528398 626813
1495123 1587109
988271 1327133
127865 32866
283547 1203898
1236756 923348
404665 153518
879676 1588534
288560 1864372
309964 814310
1013742 1087980
1422819 408678
250725 1790171
1551460 794844
234249 263529
1850743 1840914
712403 393697
1475718 741495
308801 62196
546369 1481372
1019603 1788470
1744538 757047
1729296 435872
842698 405155
303231 886668
1583946 462943
1675054 1502012
1319387 532107
21679 1887316
839039 1084782
823830 1530843
551037 754034
211964 1657662
1175776 924198
1087743 315341
187129 682043
660032 1601340
374105 237064
1356515 1566244
761304 1260295
1479826 1535103
757649 752341
843771 45999
597731 1502389
1581645 58999
50289 50958
1621951 1487744
1603107 591977
1095818 24150
354595 498804
1322217 796137
1612257 809857
252704 1271693
781200 979207
1610099 288890
294182 1985824
1349290 1402316
1413856 930314
1710355 201604
377916 327206
1562240 418181
1616764 274684
894021 1526808
1682986 297525
1379899 16360
1918990 1324960
1977280 523271
127546 1753005
1565237 302696
709119 988917
706942 1838050
1762805 771632
1176710 1596851
644727 274621
205880 15483
812964 1266590
833287 883517
742752 969849
859111 8545
1709009 1751832
1976017 1326005
1887458 301034
1565251 1055463
1072707 255488
1408062 1424396
1758310 1435280
894406 1001117
606468 1559286
598886 1646197
580375 525102
238761 1965140
1091677 29275
511266 441055
1393371 63684
101733 294813
981848 404689
631435 1219707
720349 1864594
750259 1790538
411068 1788984
179323 1802428
1442438 1661082
859531 1046250
492179 1057842
1408906 1638993
174718 729118
1143079 1156944
1789351 1928095
1927185 561963
726703 760989
311039 1492235
755583 1970977
1010730 431996
1898305 789593
1678158 1707758
1611237 1949591
414509 1098549
212126 1875667
1513739 806025
1547875 1074853
1714611 80007
371182 227659
1076848 441389
1348928 1013289
1511317 948450
588187 1922372
330102 1487980
281991 1927366
1703149 1728119
1353293 273534
278870 1024277
191871 1467997
520083 1429945
770670 316281
1470216 944699
1890738 846989
1169568 707287
840487 251383
1668934 717101
275306 1356345
277613 850627
1473887 1877882
220169 177022
1449390 319106
1199252 1323053
268866 956481
1893770 1234942
119881 725192
1620589 366727
1833399 1528014
405441 1903550
1824962 1668140
526737 1727745
3303 1249506
541032 202128
30180 667152
808921 1552782
1662396 583421
50296 1555843
1567670 1539604
811999 1339100
933982 847074
968106 1045738
913923 1059354
677627 1042527
450871 386449
435703 72404
1601747 162114
1534534 992070
59632 1745098
564119 1997204
97518 1547501
51482 1020419
180465 1983632
1870980 1382714
934239 522172
1351566 675270
415203 1918370
1408887 663
511469 213778
787709 733953
186288 805890
1070440 798013
1199011 1056909
988928 816613
346753 1447281
813457 294395
16713 689808
18030 1640674
282814 1745136
1435627 389988
1663975 746171
1381346 795050
239120 789184
1355695 193351
34632 1487344
1621172 431790
1982817 1278177
679766 973623
811892 109903
776062 85790
127066 1552534
1069720 1839492
982707 25401
1912087 1353196
906339 949214
1106415 1072831
313488 1371216
43674 560713
689062 116220
530708 1148089
742739 1656436
203871 1576869
1474571 120303
1734656 671876
1509125 1436103
805760 590514
565052 78713
1131371 1016943
1989487 1832233
463444 1355488
965537 1144987
1868112 422797
1642905 1978555
1996278 630241
1485155 459414
1296742 1239854
118478 815327
751295 951206
1753069 1118827
309926 203235
86038 715445
378822 787424
1807845 654555
1356363 1725949
1193402 245663
989414 815359
1406775 1740262
1044428 1200397
831939 702908
1824695 1682484
1723273 1084239
113251 1255012
155002 967920
891154 1575026
587591 293653
1873673 1854484
456551 103001
1458577 87272
1511063 1632251
1092726 696685
26709 512731
350091 1649159
1468645 6272
599461 890111
37964 1014036
550428 1493761
1230423 1842406
362317 1388189
1009045 1898855
182682 862279
1151449 1054254
175208 458583
1050297 1345652
1705247 1883658
1687698 705945
419246 1457023
344193 673949
1268869 222010
10091 690343
944666 298020
128246 458114
1308133 412809
1893774 588827
31587 324633
1585505 1996548
757270 127207
380643 1058804
1004547 1944045
1469003 1488197
1505971 778374
302100 1933301
1895986 1170419
365309 656421
728596 1455831
567049 1144349
832107 1121467
436992 180038
780498 1958666
88940 654126
892901 1627158
519965 1121928
573382 1541265
1075622 503977
727706 902421
1848541 1062924
721930 149533
1831263 192847
148931 506889
108041 172340
1042678 111518
454016 1360161
1121240 702724
1046826 1307040
663843 139206
1637043 1113056
1515028 320086
1751050 821938
999275 1225990
1075937 883597
519790 1424911
517680 863882
922086 771726
1655474 366696
103967 118018
152166 567433
1828077 1370576
117775 1063028
1674530 1059647
767285 959569
1445785 1102204
408354 1405552
855598 26775
1467878 1344450
1775556 1726853
1070036 1126750
1524797 644636
876290 927614
730373 1512985
1828045 538623
1493512 417309
387923 1646949
1111864 162220
1805943 1847892
1094280 1206317
348512 1249560
1709299 1078381
398330 789150
271093 757276
1022067 1584633
1731473 168782
767167 311518
1824330 1537787
1014293 1800744
1449513 751231
1617265 1337940
173629 1571739
1575568 1035142
109975 1065330
1741430 1466627
161994 420109
1079531 1578549
469873 702679
1404153 1634986
182057 1547426
157296 442261
674578 306849
1644131 674636
468946 1594348
1279785 336712
1864082 984959
918748 522920
1043583 1312058
1947485 1625774
1069386 1267938
307534 961600
512553 854687
1517718 502376
373588 1249276
1327329 275797
1916808 1828459
1684894 793688
142087 1110078
1213311 239336
613142 1322543
824700 979102
1058558 481753
514896 556346
1967757 632380
541179 775708
475154 1874237
1723966 1562827
1267427 1215267
52386 779890
1807706 726299
384497 195934
1565396 1975094
506555 1216769
1648305 1608038
640595 238322
1959639 128004
1525968 1981163
212527 997325
419468 1602250
1319718 930272
597672 687248
1632942 1982658
19974 118629
131642 1220314
117710 1781778
330437 468597
684266 1242245
1027404 191683
113801 1473873
1531727 1898200
1884960 1449259
252116 642092
1090276 1827438
421476 310555
494417 300056
1214221 376550
1836198 1379915
1775582 23217
221799 602317
959597 1045123
982874 1602312
1521877 1262408
206730 1035914
153136 52818
1580359 1687942
587810 1195860
1543332 615378
394830 1482854
612344 1156583
1307998 683268
1011550 338532
713215 1664911
1691445 1491212
998242 1235914
804512 933315
297661 977374
1383430 1956756
1406664 165078
1311763 857902
456513 1172772
1653430 1407458
563432 1179546
1501217 1596967
1270019 837490
1256524 1726743
1381595 387399
1631859 1517167
45630 623258
72083 1988755
1273979 1214925
279793 1990151
1055593 1671979
925715 1864823
1732832 1239262
174788 194736
1432381 1547128
799252 807716
1628515 600043
818134 593003
1859893 730001
566049 962877
1839005 1948452
1291856 425336
1067912 109895
371074 1651104
1938152 333819
1663130 794458
822577 1257387
720960 1238384
429532 861217
1390814 850512
1271782 1738382
1520931 898829
1993810 1557638
791172 290268
930851 74113
1496886 816921
1870819 1052892
1792821 950080
758048 14934
1095745 1455219
603497 1264531
1494620 787963
1886165 1424157
426829 1557439
1551356 1261149
1893663 293710
1839612 1832614
635683 813276
133109 1370795
1258473 1120060
1125133 704516
1145035 601963
1459438 247470
1455459 1438725
1172547 1579655
1296528 1638861
1641790 1417942
1238005 1873450
1588885 1272001
20218 62244
546944 1403220
1333449 1098987
1948989 1846529
1169490 1721553
1716237 1079963
1894855 1759947
287284 1941209
1680289 1897331
580092 844250
618137 400521
925107 1685531
680496 1735405
554792 1601154
715175 1054247
1858226 1247063
1639816 867424
439721 1865925
479259 1024870
56427 341342
664690 1842348
1805657 1603476
802142 1786055
1782743 15937
1949431 370930
1267919 392992
1135511 1770123
650286 689361
1014495 629140
1589478 1843801
512306 1669043
1019115 46880
1837237 1950386
144950 1092465
992214 691967
1612229 1747069
1759809 761645
1300889 1500632
1578220 321010
1864118 1503355
959244 981031
199590 1266624
1509150 1667147
1418743 37353
390368 1405696
134200 1319322
1827284 1673996
190720 1686106
946372 743770
237159 311318
165816 1821815
1291915 376734
713474 613909
1933 1546022
1811635 343435
1108753 202951
860323 1572050
1566530 1780603
1977965 1891338
689867 780708
1177328 530675
878047 1032965
1113039 1365748
1839281 1918023
981490 262552
1695101 718838
1645827 290956
1273726 1070594
664690 496931
1939829 341311
120306 1431634
1366569 212837
16761 1330868
144737 350480
1547972 1417734
1200620 1013185
523216 1375788
1541913 1002715
1426146 656427
860095 297895
377344 16429
1241271 691792
1566198 1124736
1369181 1885288
1486547 333079
1941650 1096034
1578345 1000199
1111741 388501
1506512 483083
1100613 1941055
1949539 1347713
1673496 1273216
1360449 1180395
352680 982363
1367246 126447
1412457 392120
642607 423768
1724373 1332453
830802 1320082
51176 1806224
1066596 1370033
1061923 1415887
1238232 1602795
663181 1713688
669415 1878169
1866541 1614409
127754 701243
370834 596129
231938 406257
1033931 1420613
661329 7170
555631 1016124
1326526 1628633
994711 1439987
513749 1383427
670431 429243
1266533 661426
855272 1725766
1013504 1418173
356953 822189
675710 1229470
1271385 1835629
678394 1902194
1132183 1221221
856147 122621
1987779 788953
735661 1259299
1245330 1128690
824046 468720
1209021 1095356
1989825 389905
1757826 362919
1620630 706265
137634 181383
1100448 882749
1217506 1464468
1847509 29528
31114 1360491
751602 1059176
959337 1404426
159861 1269967
484558 701912
461217 1567763
639504 983579
158077 1383006
894984 153983
229205 1350270
97426 1575318
1577528 1687654
1158416 296403
250872 1202220
52454 54670
1519277 1623817
549119 884355
467378 1878748
1569863 730194
533159 1355175
66478 645249
443373 1407504
1780011 777589
1230637 956898
497207 1725437
1504722 300425
1643470 416071
631690 1087001
3954 327657
639816 761928
1851559 472153
744645 1123312
1507704 418037
1784187 1130638
175985 112893
1187241 1563974
1215650 270356
476114 1565148
1092259 1011010
1154365 1000508
331402 121588
21494 1073395
633590 572667
716876 1247795
417032 1773833
1790801 1094739
1999717 1442231
383837 1715405
670773 392578
1967244 1885631
161831 1476297
1855035 1874154
868843 363985
1016719 1426230
1961270 521025
155758 479532
1072450 1983654
289283 464890
1176011 1029488
1531070 1342451
1454867 1319795
1664978 82572
575454 1624936
1709622 1175777
412279 859369
955941 1398829
1776426 1836152
1983133 1160917
914120 457464
619876 1554782
80038 1320883
959870 1843315
1481629 582994
306104 980064
1365132 1321192
128929 512921
1867345 1289960
294411 1394740
931540 320810
1436815 1700586
609917 579178
474374 901915
317241 898505
1313808 1966919
1413240 280266
1367057 1058581
929842 280662
990639 607439
1700829 973753
867926 356452
127993 282914
982708 134630
98181 212391
201021 742666
1499782 786239
227368 1551914
329607 444102
1550063 1450950
148244 1167484
653779 693502
619966 1470086
1695831 254618
1788954 449900
627136 422531
299714 595481
1169947 1761863
660178 573151
581815 1309720
315244 1821040
956966 900174
1762101 389990
1815617 1046369
512341 1362876
762785 197359
727419 793426
1322663 1444028
1653207 1509485
1930100 779821
748830 1615028
1106801 1916492
315402 1100724
1436617 511175
788439 809309
294762 1997809
1731655 1131268
1059464 769088
151071 1379679
193818 1333709
62120 886540
247131 1434711
1813167 1468682
1574218 174528
1386885 625469
162602 1324302
622335 997486
761219 115948
204279 1819721
618655 1392678
1408969 1541342
1387150 609712
797271 580769
974626 938912
247558 1975274
1870196 1115952
1600575 222198
938589 255037
1457135 1945956
780414 894794
699911 1761208
1694137 669566
1915004 1790683
1005237 1706529
1654344 1244825
287070 1863587
301159 193442
1727202 140566
1391323 1540873
982325 1638575
132393 132808
364942 1925193
496986 1790906
475624 1570401
218107 1127968
1953154 443547
1789213 1767581
1530719 1461564
1100501 462906
1706311 554798
1399101 581090
1459012 832255
983921 35303
506662 1532258
1240851 890491
310656 502956
1389768 1252920
1541160 544856
1670969 790297
1196347 625796
665875 1560575
24470 568946
1996551 433196
694366 896264
911819 231243
1722489 1321552
1462934 1850470
1353491 1248888
1914792 1869295
1051930 1388115
1049920 880056
113987 1668439
559780 624250
392835 1285149
1322269 269010
1425558 1159013
1560056 1379007
1304827 1786895
320518 1846950
1390453 1606562
1035164 1437390
690188 1014089
1070356 832484
644746 1356624
1704011 1102201
23679 1693100
359329 763775
189758 1760497
1844732 255695
1821789 57177
1623109 1752357
1879993 1692100
688873 425506
176623 1687730
1339097 1387850
648292 1233995
950026 1429764
1526719 1087703
1103734 1516317
253802 224326
540186 873669
192916 273962
725878 637968
1402161 501048
1115664 1808374
433144 1252427
866033 482643
1000676 421729
1839142 95080
1948084 875676
452160 478040
1649644 1930305
779476 455852
1547858 897468
319100 754255
1846129 196251
210517 1490451
456217 862223
760959 1295147
1345757 222446
1097376 616623
687763 1791667
1032545 140955
486232 260860
1287151 1100111
992394 35979
1985275 1088784
1072204 1879111
1071931 37638
1449477 671288
534759 547516
668129 1417742
262076 164388
1468750 1146138
312573 1322000
1560705 625746
578669 267706
546415 740434
1457494 1014205
1940436 208214
1579909 641177
1702447 1763649
321483 327603
584388 1749402
331902 1987666
777369 417545
1144182 1707171
523897 1418078
1870736 1252791
92532 541323
450734 338432
1236189 264741
1487030 1564503
1072971 556519
1909135 1336697
1277080 687022
308135 1864709
15333 1670782
1778543 1563648
677396 181755
1597661 1585489
369869 1114865
783337 1848005
515577 1857998
994960 102028
475082 459810
1276757 584506
657329 890918
783675 546119
688487 1123506
868172 1754255
828133 551620
955285 1542099
1878507 54144
1009831 1558967
955901 1622443
782872 507842
749665 1982255
972032 1855200
1405858 1437595
1957500 597987
1042192 60192
725039 960510
475966 1995413
152892 1420617
28547 318579
1227213 1139392
1774202 975449
733967 1870148
1524865 1410697
967476 535960
1431101 237929
649839 1385701
354837 26628
536571 1132726
715699 164743
891541 722429
588807 1448516
1505533 648972
814403 1058610
1599994 494621
1915231 403434
1300307 501451
408726 49452
1535446 1339287
1319144 1187928
371412 169955
257431 675702
526627 1923194
1371562 1978414
37531 1264262
19052 283856
1669914 1624729
1936877 1519438
1154944 671269
1080320 580285
1054771 1010308
889788 1720536
562972 403440
744572 1269757
1347625 377612
718175 221741
931785 1047513
1569736 210448
1539571 527938
65630 1621615
494239 656401
1042957 1168441
424139 1017079
1220484 1197310
1981943 119176
1423542 807927
55337 1609276
1536857 726652
1402091 1341040
536681 40332
1870024 123363
137766 227145
1044562 1081785
1138833 633721
1660191 76924
328307 1246342
1006791 1837461
544215 1887359
340456 1430231
293899 984981
1410338 583029
132515 1185311
610844 1799175
627062 953110
1853565 348170
1480479 1687066
1135859 426716
728573 926059
1946160 1771844
1906867 1654256
384103 20840
1388073 107316
1379668 1616852
1729417 1941348
470834 1135098
47043 1001170
1244226 1456173
738441 214005
1439690 1989285
1420756 97639
1125268 131710
35549 111333
1680619 325176
1502628 1236179
89121 980920
1542381 52021
1812620 58950
1718974 1513527
937604 1643149
1871971 957351
362727 297631
642538 117
1144726 836718
217895 1259705
413813 1894100
863793 1856173
762990 1510796
1719779 162223
665711 1496118
162396 952769
425191 510551
1370496 907529
1553485 1497943
193652 1780433
151961 1435393
1510693 997128
1424457 1996166
1067586 1232447
504670 928122
1673790 1663148
882780 538966
1468111 1634090
1035086 1609460
230130 390584
1120319 963862
1496420 612470
1712833 717664
1313706 604587
1258730 770777
873098 1934273
262355 1620846
36496 1848519
1136536 411759
1079050 145262
1053786 663184
507660 1226509
354880 1207402
300653 1048222
1871473 724215
789960 1708094
679323 1040793
369533 1915824
32368 834195
1693613 1636443
1877668 442511
1222337 488136
1059440 90006
845667 966437
1732242 1165083
654467 796996
123851 1830385
1458387 457884
397663 1935696
622412 1864647
452376 869332
1576743 1527427
1817668 951678
718565 920882
380339 712625
846664 928473
99001 105014
734295 420516
1514034 1460920
649566 1635297
1804153 1668297
551787 1839616
1535983 776284
1646035 1667226
1541243 1648968
1945131 87783
1719044 281547
1019343 1997766
1983865 759429
204510 425529
930121 792953
759995 1002086
1956843 1744911
17038 1976599
1459032 1335061
1952577 1015995
42636 398905
1407748 329059
1168008 103185
1892682 1115078
1672147 1663251
864586 956093
1222132 590237
1331326 1419207
766202 1664366
1233447 999942
455669 1228843
1638727 1687489
662906 1061851
1452709 513632
1991970 955499
120269 76659
1779723 1478188
1617549 1218476
642774 1696592
839162 591967
1994535 1585136
311145 1706121
569385 1286665
941814 624839
1537671 726266
213504 1666010
1986932 1698183
589867 280490
1018660 1637465
1282397 1216320
1645521 67196
486977 375242
893495 1330400
851271 1778586
789911 1556441
356898 1920168
1258168 1498655
675016 548108
369377 723151
759286 747780
1050465 175847
1719210 1217012
1301768 1466190
1706535 1416417
950443 666570
43252 322421
1072163 3847
1444061 1712895
573774 838423
1973745 355312
225421 1106669
797826 1661534
857925 1512289
1732136 417412
682334 1080751
1675326 1648192
1236935 1452023
222051 665365
1508464 57663
866939 369959
868430 400748
1459500 831041
544858 255437
1905249 1652178
1322258 1463568
324554 1273579
697975 520139
1796698 107459
769422 1129844
963272 1924915
507615 617833
1503759 1257531
1741049 291562
874221 1116283
283116 1753114
730728 1393211
773837 1058433
1806660 1198691
1769781 1711500
697102 102659
846659 1300364
1224597 1625293
1381269 501811
382699 1765270
94547 1482650
734440 362969
1559205 280382
1290151 1834163
586167 665470
1718280 250984
739388 220831
288940 541917
685672 565576
711548 675228
445301 1591558
684323 163795
1133727 446153
515343 1684565
1167144 167653
73716 625559
1359957 861587
787017 882356
564846 826861
1253704 315114
615490 1581813
823154 1389083
640673 202127
1774089 632525
297184 1823490
1070869 1712682
1082201 647802
69600 1844097
1910376 778505
539386 1413571
656111 1185570
383541 1842438
765138 1815709
1569449 309510
482044 828982
1963186 1639839
1741785 795150
1763309 904020
1234394 1412520
225855 1444300
203636 661485
1292110 313423
1008289 846121
1007493 1256653
1499997 508811
19349 1099223
1130154 67625
1487854 1181732
904077 331642
1795530 217486
837390 1373402
248483 421522
1665212 1513609
1938744 423764
1457063 1738412
894476 1936024
1664356 1602763
1705447 328650
1294605 1627089
289619 1073911
1739454 1289488
1736224 1567058
1354521 1635642
930400 1487664
1688643 65769
586988 1559180
1426405 536088
149981 1263748
1658923 1105959
1117203 206042
1070408 1420763
1738290 613619
1659505 235483
764832 1584731
1812829 1551540
1082249 1763392
1822796 1508311
307803 1890803
963837 1409174
1352010 1652330
203445 964522
1570765 1889985
360511 325936
285983 1056308
1821543 937127
1472063 1051814
826238 488179
1830256 815389
1790425 550749
1232954 1184067
196946 541074
1520487 138215
936133 579615
1524231 1112570
462484 1690875
773612 729747
364836 377982
1384495 1849323
1731806 347874
1668521 1961698
635823 339657
345979 421240
1638024 1101750
1048966 1620
717022 1544978
493044 885953
38955 1932201
1891885 1650732
842091 475051
1894755 1857063
1351456 1007275
1715719 1323369
619727 1967395
574801 1053516
214017 967918
1750844 129358
1037123 665933
1029511 316816
1813542 1849827
1024181 500442
1480895 527929
1781902 830613
